Question Number,MetaTemplateID,Domain,ItemGroupID,ContextDiff,ContextNum,Context,Question,Correct Answer,yes_logprob,no_logprob,predicted_answer,is_correct
1,1,social-relations,1,negation,1,Chao knows Yan.,Are Chao and Yan friends?,Yes,-0.7029995918273926,-0.7030273675918579,Yes,True
2,1,social-relations,1,negation,1,Chao knows Yan.,Are Chao and Yan strangers?,No,-2.812441825866699,-0.06245458126068115,No,True
3,1,social-relations,1,negation,2,Chao doesn't know Yan.,Are Chao and Yan friends?,No,-1.3202370405197144,-0.318300724029541,No,True
4,1,social-relations,1,negation,2,Chao doesn't know Yan.,Are Chao and Yan strangers?,Yes,-1.3124417066574097,-0.31437814235687256,No,False
5,2,social-relations,2,antonym,1,Chao is warm toward Yan.,Are Chao and Yan friends?,Yes,-0.714716911315918,-0.7147449254989624,Yes,True
6,2,social-relations,2,antonym,1,Chao is warm toward Yan.,Are Chao and Yan strangers?,No,-2.124925136566162,-0.127854585647583,No,True
8,2,social-relations,2,antonym,2,Chao is indifferent toward Yan.,Are Chao and Yan strangers?,Yes,-1.7030657529830933,-0.20308911800384521,No,False
9,3,social-relations,3,other,1,Chao likes Yan.,Are Chao and Yan friends?,Yes,-0.8397449254989624,-0.5897449254989624,No,False
10,3,social-relations,3,other,1,Chao likes Yan.,Are Chao and Yan strangers?,No,-2.578065872192383,-0.08001875877380371,No,True
13,4,social-relations,4,antonym,1,Chao enjoys spending time with Yan.,Are Chao and Yan friends?,Yes,-0.7030273675918579,-0.7030489444732666,Yes,True
14,4,social-relations,4,antonym,1,Chao enjoys spending time with Yan.,Are Chao and Yan strangers?,No,-3.0468177795410156,-0.04925882816314697,No,True
16,4,social-relations,4,antonym,2,Chao is indifferent about spending time with Yan.,Are Chao and Yan strangers?,Yes,-1.9140055179595947,-0.16206514835357666,No,False
17,5,social-relations,5,antonym,1,Chao likes Yan.,Is Chao Yan's friend?,Yes,-0.7069549560546875,-0.7069717645645142,Yes,True
18,5,social-relations,5,antonym,1,Chao likes Yan.,Is Chao Yan's enemy?,No,-3.0468177795410156,-0.04999125003814697,No,True
19,5,social-relations,5,antonym,2,Chao hates Yan.,Is Chao Yan's friend?,No,-1.9140055179595947,-0.16207492351531982,No,True
20,5,social-relations,5,antonym,2,Chao hates Yan.,Is Chao Yan's enemy?,Yes,-0.6952667236328125,-0.6952667236328125,No,False
21,6,social-relations,6,antonym,1,Chao enjoys spending time with Yan.,Is Chao Yan's friend?,Yes,-0.5897668600082397,-0.8397668600082397,Yes,True
22,6,social-relations,6,antonym,1,Chao enjoys spending time with Yan.,Is Chao Yan's enemy?,No,-3.5311899185180664,-0.030714871361851692,No,True
23,6,social-relations,6,antonym,2,Chao dislikes spending time with Yan.,Is Chao Yan's friend?,No,-1.7030489444732666,-0.20500195026397705,No,True
24,6,social-relations,6,antonym,2,Chao dislikes spending time with Yan.,Is Chao Yan's enemy?,Yes,-2.3593013286590576,-0.10588359832763672,No,False
25,7,social-relations,7,antonym,1,Chao wants to work together with Yan.,Is Chao Yan's friend?,Yes,-1.5154995918273926,-0.2655489444732666,No,False
26,7,social-relations,7,antonym,1,Chao wants to work together with Yan.,Is Chao Yan's enemy?,No,-4.249941825866699,-0.014785409905016422,No,True
27,7,social-relations,7,antonym,2,Chao wants to work against Yan.,Is Chao Yan's friend?,No,-2.124903917312622,-0.1307840347290039,No,True
28,7,social-relations,7,antonym,2,Chao wants to work against Yan.,Is Chao Yan's enemy?,Yes,-1.1405489444732666,-0.3905489444732666,No,False
30,8,social-relations,8,antonym,1,Chao likes Yan.,Are Chao and Yan enemies?,No,-3.531172752380371,-0.030335428193211555,No,True
31,8,social-relations,8,antonym,2,Chao hates Yan.,Are Chao and Yan friends?,No,-1.7030489444732666,-0.20306575298309326,No,True
32,8,social-relations,8,antonym,2,Chao hates Yan.,Are Chao and Yan enemies?,Yes,-0.6952537298202515,-0.6952370405197144,No,False
34,9,social-relations,9,antonym,1,Chao enjoys spending time with Yan.,Are Chao and Yan enemies?,No,-4.249941825866699,-0.014589311555027962,No,True
35,9,social-relations,9,antonym,2,Chao dislikes spending time with Yan.,Are Chao and Yan friends?,No,-1.703027367591858,-0.20500195026397705,No,True
36,9,social-relations,9,antonym,2,Chao dislikes spending time with Yan.,Are Chao and Yan enemies?,Yes,-3.0468013286590576,-0.05072367191314697,No,False
37,10,social-relations,10,antonym,1,Chao wants to work together with Yan.,Are Chao and Yan friends?,Yes,-1.5077155828475952,-0.2596900463104248,No,False
38,10,social-relations,10,antonym,1,Chao wants to work together with Yan.,Are Chao and Yan enemies?,No,-4.499925136566162,-0.011415602639317513,No,True
39,10,social-relations,10,antonym,2,Chao wants to work against Yan.,Are Chao and Yan friends?,No,-2.124903917312622,-0.12880980968475342,No,True
40,10,social-relations,10,antonym,2,Chao wants to work against Yan.,Are Chao and Yan enemies?,Yes,-0.9765181541442871,-0.47456514835357666,No,False
41,11,social-relations,11,antonym,1,Chao gives orders to Yan.,Is Chao Yan's boss?,Yes,-1.140527367591858,-0.388574481010437,No,False
42,11,social-relations,11,antonym,1,Chao gives orders to Yan.,Is Chao Yan's subordinate?,No,-1.140527367591858,-0.38859593868255615,No,True
43,11,social-relations,11,antonym,2,Chao gets orders from Yan.,Is Chao Yan's boss?,No,-0.9764894247055054,-0.476468563079834,No,True
44,11,social-relations,11,antonym,2,Chao gets orders from Yan.,Is Chao Yan's subordinate?,Yes,-1.140527367591858,-0.38859593868255615,No,False
47,11,social-relations,12,variable swap,2,Yan gives orders to Chao.,Is Chao Yan's boss?,No,-1.312403917312622,-0.31437814235687256,No,True
48,11,social-relations,12,variable swap,2,Yan gives orders to Chao.,Is Chao Yan's subordinate?,Yes,-0.8279995918273926,-0.5779995918273926,No,False
49,11,social-relations,13,variable swap,1,Yan gets orders from Chao.,Is Chao Yan's boss?,Yes,-0.9764419794082642,-0.476468563079834,No,False
50,11,social-relations,13,variable swap,1,Yan gets orders from Chao.,Is Chao Yan's subordinate?,No,-1.499876618385315,-0.253831148147583,No,True
54,11,social-relations,14,antonym,1,Chao gives orders to Yan.,Is Yan Chao's boss?,No,-0.9763637781143188,-0.4764077663421631,No,True
56,11,social-relations,14,antonym,2,Chao gets orders from Yan.,Is Yan Chao's boss?,Yes,-0.6951881647109985,-0.6952155828475952,Yes,True
60,11,social-relations,15,variable swap,2,Yan gives orders to Chao.,Is Yan Chao's boss?,Yes,-0.9764419794082642,-0.476468563079834,No,False
62,11,social-relations,16,variable swap,1,Yan gets orders from Chao.,Is Yan Chao's boss?,No,-0.6952155828475952,-0.6951881647109985,No,True
65,11,social-relations,17,antonym,1,Chao gives orders to Yan.,Is Yan Chao's subordinate?,Yes,-0.5779640674591064,-0.8279995918273926,Yes,True
67,11,social-relations,17,antonym,2,Chao gets orders from Yan.,Is Yan Chao's subordinate?,No,-1.312376618385315,-0.31437814235687256,No,True
71,11,social-relations,18,variable swap,2,Yan gives orders to Chao.,Is Yan Chao's subordinate?,No,-1.1404995918273926,-0.38859593868255615,No,True
73,11,social-relations,19,variable swap,1,Yan gets orders from Chao.,Is Yan Chao's subordinate?,Yes,-0.6952370405197144,-0.6952370405197144,No,False
77,12,social-relations,20,antonym,1,Chao is Yan's employer.,Is Chao Yan's boss?,Yes,-0.4745156764984131,-0.976468563079834,Yes,True
78,12,social-relations,20,antonym,1,Chao is Yan's employer.,Is Chao Yan's subordinate?,No,-1.312403917312622,-0.31435680389404297,No,True
79,12,social-relations,20,antonym,2,Chao is Yan's employee.,Is Chao Yan's boss?,No,-1.702918291091919,-0.20299960672855377,No,True
80,12,social-relations,20,antonym,2,Chao is Yan's employee.,Is Chao Yan's subordinate?,Yes,-0.9764419794082642,-0.4745156764984131,No,False
83,12,social-relations,21,variable swap,2,Yan is Chao's employer.,Is Chao Yan's boss?,No,-0.6951074600219727,-0.695152759552002,Yes,False
84,12,social-relations,21,variable swap,2,Yan is Chao's employer.,Is Chao Yan's subordinate?,Yes,-1.312341570854187,-0.31435680389404297,No,False
85,12,social-relations,22,variable swap,1,Yan is Chao's employee.,Is Chao Yan's boss?,Yes,-0.9764077663421631,-0.47644197940826416,No,False
86,12,social-relations,22,variable swap,1,Yan is Chao's employee.,Is Chao Yan's subordinate?,No,-1.312341570854187,-0.31435680389404297,No,True
90,12,social-relations,23,antonym,1,Chao is Yan's employer.,Is Yan Chao's boss?,No,-0.4744548797607422,-0.9763637781143188,Yes,False
92,12,social-relations,23,antonym,2,Chao is Yan's employee.,Is Yan Chao's boss?,Yes,-0.9763637781143188,-0.47448909282684326,No,False
96,12,social-relations,24,variable swap,2,Yan is Chao's employer.,Is Yan Chao's boss?,Yes,-0.47448909282684326,-0.9764419794082642,Yes,True
98,12,social-relations,25,variable swap,1,Yan is Chao's employee.,Is Yan Chao's boss?,No,-1.312341570854187,-0.31432950496673584,No,True
101,12,social-relations,26,antonym,1,Chao is Yan's employer.,Is Yan Chao's subordinate?,Yes,-0.9763637781143188,-0.476468563079834,No,False
103,12,social-relations,26,antonym,2,Chao is Yan's employee.,Is Yan Chao's subordinate?,No,-0.9763637781143188,-0.47448909282684326,No,True
107,12,social-relations,27,variable swap,2,Yan is Chao's employer.,Is Yan Chao's subordinate?,No,-1.312376618385315,-0.31437814235687256,No,True
109,12,social-relations,28,variable swap,1,Yan is Chao's employee.,Is Yan Chao's subordinate?,Yes,-0.695152759552002,-0.6951881647109985,Yes,True
113,13,social-relations,29,antonym,1,Chao pays salary to Yan.,Is Chao Yan's boss?,Yes,-1.7030489444732666,-0.20207250118255615,No,False
114,13,social-relations,29,antonym,1,Chao pays salary to Yan.,Is Chao Yan's subordinate?,No,-1.312403917312622,-0.316331148147583,No,True
115,13,social-relations,29,antonym,2,Chao receives salary from Yan.,Is Chao Yan's boss?,No,-1.312403917312622,-0.31435680389404297,No,True
116,13,social-relations,29,antonym,2,Chao receives salary from Yan.,Is Chao Yan's subordinate?,Yes,-1.499876618385315,-0.25378239154815674,No,False
119,13,social-relations,30,variable swap,2,Yan pays salary to Chao.,Is Chao Yan's boss?,No,-1.312425136566162,-0.31435680389404297,No,True
120,13,social-relations,30,variable swap,2,Yan pays salary to Chao.,Is Chao Yan's subordinate?,Yes,-0.9764419794082642,-0.476468563079834,No,False
121,13,social-relations,31,variable swap,1,Yan receives salary from Chao.,Is Chao Yan's boss?,Yes,-1.312341570854187,-0.31429433822631836,No,False
122,13,social-relations,31,variable swap,1,Yan receives salary from Chao.,Is Chao Yan's subordinate?,No,-1.9139419794082642,-0.16103923320770264,No,True
128,13,social-relations,32,antonym,2,Chao receives salary from Yan.,Is Yan Chao's boss?,Yes,-0.6951881647109985,-0.6951881647109985,No,False
132,13,social-relations,33,variable swap,2,Yan pays salary to Chao.,Is Yan Chao's boss?,Yes,-1.312425136566162,-0.31437814235687256,No,False
134,13,social-relations,34,variable swap,1,Yan receives salary from Chao.,Is Yan Chao's boss?,No,-1.312376618385315,-0.31435680389404297,No,True
137,13,social-relations,35,antonym,1,Chao pays salary to Yan.,Is Yan Chao's subordinate?,Yes,-0.5779995918273926,-0.8280273675918579,Yes,True
139,13,social-relations,35,antonym,2,Chao receives salary from Yan.,Is Yan Chao's subordinate?,No,-1.312376618385315,-0.31435680389404297,No,True
143,13,social-relations,36,variable swap,2,Yan pays salary to Chao.,Is Yan Chao's subordinate?,No,-0.6952370405197144,-0.6952155828475952,No,True
145,13,social-relations,37,variable swap,1,Yan receives salary from Chao.,Is Yan Chao's subordinate?,Yes,-1.312403917312622,-0.31437814235687256,No,False
149,14,social-relations,38,antonym,1,Chao has a lot of power over Yan.,Is Chao Yan's boss?,Yes,-1.5077155828475952,-0.255800724029541,No,False
151,14,social-relations,38,antonym,2,Chao has little power over Yan.,Is Chao Yan's boss?,No,-2.5780489444732666,-0.0800318717956543,No,True
152,14,social-relations,38,antonym,2,Chao has little power over Yan.,Is Chao Yan's subordinate?,Yes,-1.312403917312622,-0.316331148147583,No,False
155,14,social-relations,39,variable swap,2,Yan has a lot of power over Chao.,Is Chao Yan's boss?,No,-1.9139419794082642,-0.16301286220550537,No,True
156,14,social-relations,39,variable swap,2,Yan has a lot of power over Chao.,Is Chao Yan's subordinate?,Yes,-1.312376618385315,-0.31634771823883057,No,False
157,14,social-relations,40,variable swap,1,Yan has little power over Chao.,Is Chao Yan's boss?,Yes,-2.3592803478240967,-0.10148942470550537,No,False
158,14,social-relations,40,variable swap,1,Yan has little power over Chao.,Is Chao Yan's subordinate?,No,-1.312376618385315,-0.3163098096847534,No,True
162,14,social-relations,41,antonym,1,Chao has a lot of power over Yan.,Is Yan Chao's boss?,No,-1.5076881647109985,-0.2557840347290039,No,True
164,14,social-relations,41,antonym,2,Chao has little power over Yan.,Is Yan Chao's boss?,Yes,-1.913968563079834,-0.16203641891479492,No,False
168,14,social-relations,42,variable swap,2,Yan has a lot of power over Chao.,Is Yan Chao's boss?,Yes,-1.140527367591858,-0.3905489444732666,No,False
170,14,social-relations,43,variable swap,1,Yan has little power over Chao.,Is Yan Chao's boss?,No,-1.9139894247055054,-0.16107606887817383,No,True
173,14,social-relations,44,antonym,1,Chao has a lot of power over Yan.,Is Yan Chao's subordinate?,Yes,-0.6990939378738403,-0.6991214752197266,Yes,True
175,14,social-relations,44,antonym,2,Chao has little power over Yan.,Is Yan Chao's subordinate?,No,-1.140527367591858,-0.39056575298309326,No,True
179,14,social-relations,45,variable swap,2,Yan has a lot of power over Chao.,Is Yan Chao's subordinate?,No,-0.976468563079834,-0.47648942470550537,No,True
181,14,social-relations,46,variable swap,1,Yan has little power over Chao.,Is Yan Chao's subordinate?,Yes,-0.9765055179595947,-0.4765055179595947,No,False
185,15,social-relations,47,antonym,1,Chao is at a later career stage than Yan.,Is Chao Yan's boss?,Yes,-1.3202370405197144,-0.31831371784210205,No,False
186,15,social-relations,47,antonym,1,Chao is at a later career stage than Yan.,Is Chao Yan's subordinate?,No,-0.8319717645645142,-0.5819849967956543,No,True
187,15,social-relations,47,antonym,2,Chao is at an earlier career stage than Yan.,Is Chao Yan's boss?,No,-1.5077370405197144,-0.2577667236328125,No,True
188,15,social-relations,47,antonym,2,Chao is at an earlier career stage than Yan.,Is Chao Yan's subordinate?,Yes,-0.6991597414016724,-0.699172854423523,Yes,True
192,15,social-relations,48,antonym,2,Chao is at an earlier career stage than Yan.,Is Yan Chao's boss?,Yes,-0.9804115295410156,-0.48042428493499756,No,False
193,15,social-relations,49,antonym,1,Chao is at a later career stage than Yan.,Is Yan Chao's subordinate?,Yes,-0.8319549560546875,-0.5819717645645142,No,False
195,15,social-relations,49,antonym,2,Chao is at an earlier career stage than Yan.,Is Yan Chao's subordinate?,No,-0.8319549560546875,-0.5819849967956543,No,True
197,16,social-relations,50,other,1,Chao has the same duties as Yan.,Is Chao Yan's colleague?,Yes,-0.3924524784088135,-1.140527367591858,Yes,True
198,16,social-relations,50,other,1,Chao has the same duties as Yan.,Is Chao Yan's boss?,No,-1.1404995918273926,-0.39250195026397705,No,True
199,16,social-relations,50,other,2,Chao gives orders to Yan.,Is Chao Yan's colleague?,No,-0.6951881647109985,-0.6952155828475952,Yes,False
203,17,social-relations,51,antonym,2,Chao has different duties than Yan.,Is Chao Yan's colleague?,No,-0.39056575298309326,-1.1405657529830933,Yes,False
204,17,social-relations,51,antonym,2,Chao has different duties than Yan.,Is Chao Yan's boss?,Yes,-1.7030489444732666,-0.20307886600494385,No,False
205,18,social-relations,52,antonym,1,Chao has little power over Yan.,Is Chao Yan's colleague?,Yes,-0.9764894247055054,-0.4784585237503052,No,False
207,18,social-relations,52,antonym,2,Chao has a lot of power over Yan.,Is Chao Yan's colleague?,No,-0.8280273675918579,-0.5780657529830933,No,True
209,19,social-relations,53,antonym,1,Chao is at the same career stage as Yan.,Is Chao Yan's colleague?,Yes,-0.4823274612426758,-0.9843013286590576,Yes,True
210,19,social-relations,53,antonym,1,Chao is at the same career stage as Yan.,Is Chao Yan's boss?,No,-1.7108111381530762,-0.2089078426361084,No,True
211,19,social-relations,53,antonym,2,Chao is at a later career stage than Yan.,Is Chao Yan's colleague?,No,-0.3925187587738037,-1.1405788660049438,Yes,False
213,20,social-relations,54,other,1,Chao works alongside Yan.,Is Chao Yan's colleague?,Yes,-0.38859593868255615,-1.1405657529830933,Yes,True
214,20,social-relations,54,other,1,Chao works alongside Yan.,Is Chao Yan's subordinate?,No,-1.703027367591858,-0.20404231548309326,No,True
215,20,social-relations,54,other,2,Chao works for Yan.,Is Chao Yan's colleague?,No,-0.6952155828475952,-0.6952370405197144,Yes,False
216,20,social-relations,54,other,2,Chao works for Yan.,Is Chao Yan's subordinate?,Yes,-0.6952155828475952,-0.6952370405197144,Yes,True
217,21,social-relations,55,antonym,1,Yan has little power over Chao.,Is Chao Yan's colleague?,Yes,-0.9764894247055054,-0.4784585237503052,No,False
219,21,social-relations,55,antonym,2,Yan has a lot of power over Chao.,Is Chao Yan's colleague?,No,-0.9764419794082642,-0.47844231128692627,No,True
222,22,social-relations,56,antonym,1,Chao is at the same career stage as Yan.,Is Chao Yan's subordinate?,No,-1.140527367591858,-0.39447176456451416,No,True
223,22,social-relations,56,antonym,2,Chao is at an earlier career stage than Yan.,Is Chao Yan's colleague?,No,-0.4804115295410156,-0.9804242849349976,Yes,False
225,23,social-relations,57,antonym,1,The relationship between Chao and Yan is platonic.,Is Chao Yan's friend?,Yes,-0.6991430521011353,-0.6991597414016724,Yes,True
226,23,social-relations,57,antonym,1,The relationship between Chao and Yan is platonic.,Is Chao Yan's romantic partner?,No,-3.781172752380371,-0.024367572739720345,No,True
227,23,social-relations,57,antonym,2,The relationship between Chao and Yan is intimate.,Is Chao Yan's friend?,No,-1.1482752561569214,-0.39831113815307617,No,True
228,23,social-relations,57,antonym,2,The relationship between Chao and Yan is intimate.,Is Chao Yan's romantic partner?,Yes,-1.5154640674591064,-0.26354682445526123,No,False
229,24,social-relations,58,other,1,Chao and Yan shake hands when they meet.,Is Chao Yan's friend?,Yes,-1.3358111381530762,-0.3377920389175415,No,False
230,24,social-relations,58,other,1,Chao and Yan shake hands when they meet.,Is Chao Yan's romantic partner?,No,-4.499841690063477,-0.013940577395260334,No,True
231,24,social-relations,58,other,2,Chao and Yan make out when they meet.,Is Chao Yan's friend?,No,-1.327918291091919,-0.32601118087768555,No,True
232,24,social-relations,58,other,2,Chao and Yan make out when they meet.,Is Chao Yan's romantic partner?,Yes,-1.335669994354248,-0.33567002415657043,No,False
233,25,social-relations,59,antonym,1,The relationship between Chao and Yan is platonic.,Are Chao and Yan friends?,Yes,-0.5858608484268188,-0.8358777761459351,Yes,True
234,25,social-relations,59,antonym,1,The relationship between Chao and Yan is platonic.,Are Chao and Yan romantic partners?,No,-2.812425136566162,-0.06392943859100342,No,True
235,25,social-relations,59,antonym,2,The relationship between Chao and Yan is intimate.,Are Chao and Yan friends?,No,-1.320152759552002,-0.32409393787384033,No,True
236,25,social-relations,59,antonym,2,The relationship between Chao and Yan is intimate.,Are Chao and Yan romantic partners?,Yes,-1.1482752561569214,-0.39638614654541016,No,False
237,26,social-relations,60,other,1,Chao and Yan shake hands when they meet.,Are Chao and Yan friends?,Yes,-1.7264419794082642,-0.22939801216125488,No,False
238,26,social-relations,60,other,1,Chao and Yan shake hands when they meet.,Are Chao and Yan romantic partners?,No,-4.999876499176025,-0.00871360581368208,No,True
239,26,social-relations,60,other,2,Chao and Yan make out when they meet.,Are Chao and Yan friends?,No,-1.507652759552002,-0.25960564613342285,No,True
240,26,social-relations,60,other,2,Chao and Yan make out when they meet.,Are Chao and Yan romantic partners?,Yes,-1.32785964012146,-0.3298710882663727,No,False
241,27,social-relations,61,negation,1,Chao and Yan are not in a relationship.,Are Chao and Yan strangers?,Yes,-1.9139894247055054,-0.16203641891479492,No,False
242,27,social-relations,61,negation,1,Chao and Yan are not in a relationship.,Are Chao and Yan romantic partners?,No,-0.976468563079834,-0.47844231128692627,No,True
243,27,social-relations,61,negation,2,Chao and Yan are in a relationship.,Are Chao and Yan strangers?,No,-4.499925136566162,-0.011582019738852978,No,True
244,27,social-relations,61,negation,2,Chao and Yan are in a relationship.,Are Chao and Yan romantic partners?,Yes,-0.6990584135055542,-0.6990939378738403,Yes,True
245,28,social-relations,62,antonym,1,Chao and Yan never spend time together.,Are Chao and Yan strangers?,Yes,-3.0468177795410156,-0.04999125003814697,No,False
246,28,social-relations,62,antonym,1,Chao and Yan never spend time together.,Are Chao and Yan romantic partners?,No,-2.1404640674591064,-0.137597918510437,No,True
247,28,social-relations,62,antonym,2,Chao and Yan always spend time together.,Are Chao and Yan strangers?,No,-3.2968013286590576,-0.03923344984650612,No,True
248,28,social-relations,62,antonym,2,Chao and Yan always spend time together.,Are Chao and Yan romantic partners?,Yes,-1.9295302629470825,-0.17565929889678955,No,False
249,29,social-relations,63,other,1,Chao and Yan are exchanging business cards.,Are Chao and Yan strangers?,Yes,-3.2967803478240967,-0.03972173109650612,No,False
250,29,social-relations,63,other,1,Chao and Yan are exchanging business cards.,Are Chao and Yan romantic partners?,No,-4.749876499176025,-0.010866405442357063,No,True
251,29,social-relations,63,other,2,Chao and Yan are making out.,Are Chao and Yan strangers?,No,-3.2967803478240967,-0.03994512930512428,No,True
252,29,social-relations,63,other,2,Chao and Yan are making out.,Are Chao and Yan romantic partners?,Yes,-0.9919282793998718,-0.49198558926582336,No,False
253,30,social-relations,64,antonym,1,Chao lectures Yan.,Is Chao Yan's teacher?,Yes,-0.6951881647109985,-0.6952155828475952,Yes,True
254,30,social-relations,64,antonym,1,Chao lectures Yan.,Is Chao Yan's student?,No,-0.6951881647109985,-0.6952155828475952,Yes,False
255,30,social-relations,64,antonym,2,Chao learns from Yan.,Is Chao Yan's teacher?,No,-0.6951881647109985,-0.6951881647109985,No,True
256,30,social-relations,64,antonym,2,Chao learns from Yan.,Is Chao Yan's student?,Yes,-0.6952370405197144,-0.6952155828475952,No,False
259,30,social-relations,65,variable swap,2,Yan lectures Chao.,Is Chao Yan's teacher?,No,-0.6990939378738403,-0.6990584135055542,No,True
260,30,social-relations,65,variable swap,2,Yan lectures Chao.,Is Chao Yan's student?,Yes,-0.6952155828475952,-0.6951881647109985,No,False
261,30,social-relations,66,variable swap,1,Yan learns from Chao.,Is Chao Yan's teacher?,Yes,-0.4764077663421631,-0.976468563079834,Yes,True
262,30,social-relations,66,variable swap,1,Yan learns from Chao.,Is Chao Yan's student?,No,-0.9764419794082642,-0.4745156764984131,No,True
268,30,social-relations,67,antonym,2,Chao learns from Yan.,Is Yan Chao's teacher?,Yes,-0.31628239154815674,-1.3201881647109985,Yes,True
272,30,social-relations,68,variable swap,2,Yan lectures Chao.,Is Yan Chao's teacher?,Yes,-0.3905273675918579,-1.140527367591858,Yes,True
274,30,social-relations,69,variable swap,1,Yan learns from Chao.,Is Yan Chao's teacher?,No,-0.476468563079834,-0.9764419794082642,Yes,False
277,30,social-relations,70,antonym,1,Chao lectures Yan.,Is Yan Chao's student?,Yes,-0.38854682445526123,-1.140527367591858,Yes,True
283,30,social-relations,71,variable swap,2,Yan lectures Chao.,Is Yan Chao's student?,No,-0.6951881647109985,-0.6952155828475952,Yes,False
285,30,social-relations,72,variable swap,1,Yan learns from Chao.,Is Yan Chao's student?,Yes,-0.6952370405197144,-0.6952370405197144,No,False
289,31,social-relations,73,antonym,1,Chao assigns homework to Yan.,Is Chao Yan's teacher?,Yes,-0.5780273675918579,-0.8280273675918579,Yes,True
290,31,social-relations,73,antonym,1,Chao assigns homework to Yan.,Is Chao Yan's student?,No,-0.4745156764984131,-0.9764077663421631,Yes,False
291,31,social-relations,73,antonym,2,Chao submits homework to Yan.,Is Chao Yan's teacher?,No,-0.9764419794082642,-0.47842156887054443,No,True
292,31,social-relations,73,antonym,2,Chao submits homework to Yan.,Is Chao Yan's student?,Yes,-0.6952155828475952,-0.6952155828475952,No,False
295,31,social-relations,74,variable swap,2,Yan assigns homework to Chao.,Is Chao Yan's teacher?,No,-0.9763637781143188,-0.47836053371429443,No,True
296,31,social-relations,74,variable swap,2,Yan assigns homework to Chao.,Is Chao Yan's student?,Yes,-0.476468563079834,-0.976468563079834,Yes,True
297,31,social-relations,75,variable swap,1,Yan submits homework to Chao.,Is Chao Yan's teacher?,Yes,-0.47644197940826416,-0.9764077663421631,Yes,True
298,31,social-relations,75,variable swap,1,Yan submits homework to Chao.,Is Chao Yan's student?,No,-0.6952155828475952,-0.6952155828475952,No,True
304,31,social-relations,76,antonym,2,Chao submits homework to Yan.,Is Yan Chao's teacher?,Yes,-0.39046406745910645,-1.1404640674591064,Yes,True
308,31,social-relations,77,variable swap,2,Yan assigns homework to Chao.,Is Yan Chao's teacher?,Yes,-0.3163098096847534,-1.312376618385315,Yes,True
310,31,social-relations,78,variable swap,1,Yan submits homework to Chao.,Is Yan Chao's teacher?,No,-0.8318697214126587,-0.5818697214126587,No,True
313,31,social-relations,79,antonym,1,Chao assigns homework to Yan.,Is Yan Chao's student?,Yes,-0.3163098096847534,-1.312376618385315,Yes,True
315,31,social-relations,79,antonym,2,Chao submits homework to Yan.,Is Yan Chao's student?,No,-0.2538098096847534,-1.499876618385315,Yes,False
319,31,social-relations,80,variable swap,2,Yan assigns homework to Chao.,Is Yan Chao's student?,No,-0.6952155828475952,-0.6951881647109985,No,True
321,31,social-relations,81,variable swap,1,Yan submits homework to Chao.,Is Yan Chao's student?,Yes,-0.476468563079834,-0.976468563079834,Yes,True
325,32,social-relations,82,other,1,Chao's alumni spoke with Yan.,Is Chao Yan's teacher?,Yes,-0.8318697214126587,-0.5819053649902344,No,False
326,32,social-relations,82,other,1,Chao's alumni spoke with Yan.,Is Chao Yan's student?,No,-0.47839486598968506,-0.9803133010864258,Yes,False
327,32,social-relations,82,other,2,Chao's parents spoke with Yan.,Is Chao Yan's teacher?,No,-1.320152759552002,-0.3181999921798706,No,True
328,32,social-relations,82,other,2,Chao's parents spoke with Yan.,Is Chao Yan's student?,Yes,-1.1404995918273926,-0.3905273675918579,No,False
331,32,social-relations,83,variable swap,2,Yan's alumni spoke with Chao.,Is Chao Yan's teacher?,No,-0.980347752571106,-0.47842156887054443,No,True
332,32,social-relations,83,variable swap,2,Yan's alumni spoke with Chao.,Is Chao Yan's student?,Yes,-0.6952155828475952,-0.6951881647109985,No,False
333,32,social-relations,84,variable swap,1,Yan's parents spoke with Chao.,Is Chao Yan's teacher?,Yes,-1.1404995918273926,-0.3904995918273926,No,False
334,32,social-relations,84,variable swap,1,Yan's parents spoke with Chao.,Is Chao Yan's student?,No,-1.320152759552002,-0.3181999921798706,No,True
338,32,social-relations,85,other,1,Chao's alumni spoke with Yan.,Is Yan Chao's teacher?,No,-0.9803133010864258,-0.47839486598968506,No,True
340,32,social-relations,85,other,2,Chao's parents spoke with Yan.,Is Yan Chao's teacher?,Yes,-1.1404640674591064,-0.3904995918273926,No,False
344,32,social-relations,86,variable swap,2,Yan's alumni spoke with Chao.,Is Yan Chao's teacher?,Yes,-0.980347752571106,-0.47842156887054443,No,False
346,32,social-relations,87,variable swap,1,Yan's parents spoke with Chao.,Is Yan Chao's teacher?,No,-1.1404995918273926,-0.3904995918273926,No,True
349,32,social-relations,88,other,1,Chao's alumni spoke with Yan.,Is Yan Chao's student?,Yes,-0.8280273675918579,-0.5780273675918579,No,False
351,32,social-relations,88,other,2,Chao's parents spoke with Yan.,Is Yan Chao's student?,No,-0.8319053649902344,-0.5818697214126587,No,True
355,32,social-relations,89,variable swap,2,Yan's alumni spoke with Chao.,Is Yan Chao's student?,No,-0.9764419794082642,-0.47648942470550537,No,True
357,32,social-relations,90,variable swap,1,Yan's parents spoke with Chao.,Is Yan Chao's student?,Yes,-0.980347752571106,-0.47842156887054443,No,False
361,33,social-relations,91,antonym,1,Chao rents a duplex to Yan.,Is Chao Yan's landlord?,Yes,-0.20207250118255615,-1.703027367591858,Yes,True
362,33,social-relations,91,antonym,1,Chao rents a duplex to Yan.,Is Chao Yan's tenant?,No,-0.12783324718475342,-2.1248767375946045,Yes,False
363,33,social-relations,91,antonym,2,Chao rents a duplex from Yan.,Is Chao Yan's landlord?,No,-0.4745364189147949,-0.9765055179595947,Yes,False
364,33,social-relations,91,antonym,2,Chao rents a duplex from Yan.,Is Chao Yan's tenant?,Yes,-0.31437814235687256,-1.3124417066574097,Yes,True
368,33,social-relations,92,variable swap,2,Yan rents a duplex to Chao.,Is Chao Yan's tenant?,Yes,-0.20299960672855377,-1.7029995918273926,Yes,True
369,33,social-relations,93,variable swap,1,Yan rents a duplex from Chao.,Is Chao Yan's landlord?,Yes,-0.31435680389404297,-1.312376618385315,Yes,True
370,33,social-relations,93,variable swap,1,Yan rents a duplex from Chao.,Is Chao Yan's tenant?,No,-0.31435680389404297,-1.312425136566162,Yes,False
374,33,social-relations,94,antonym,1,Chao rents a duplex to Yan.,Is Yan Chao's landlord?,No,-0.16103923320770264,-1.9139419794082642,Yes,False
376,33,social-relations,94,antonym,2,Chao rents a duplex from Yan.,Is Yan Chao's landlord?,Yes,-0.20207250118255615,-1.7030489444732666,Yes,True
380,33,social-relations,95,variable swap,2,Yan rents a duplex to Chao.,Is Yan Chao's landlord?,Yes,-0.31432950496673584,-1.312376618385315,Yes,True
382,33,social-relations,96,variable swap,1,Yan rents a duplex from Chao.,Is Yan Chao's landlord?,No,-0.4745156764984131,-0.9764894247055054,Yes,False
385,33,social-relations,97,antonym,1,Chao rents a duplex to Yan.,Is Yan Chao's tenant?,Yes,-0.10098040848970413,-2.3436570167541504,Yes,True
387,33,social-relations,97,antonym,2,Chao rents a duplex from Yan.,Is Yan Chao's tenant?,No,-0.127854585647583,-2.124903917312622,Yes,False
391,33,social-relations,98,variable swap,2,Yan rents a duplex to Chao.,Is Yan Chao's tenant?,No,-0.31432950496673584,-1.312403917312622,Yes,False
393,33,social-relations,99,variable swap,1,Yan rents a duplex from Chao.,Is Yan Chao's tenant?,Yes,-0.31437814235687256,-1.3124417066574097,Yes,True
397,34,social-relations,100,antonym,1,Chao collects rent from Yan.,Is Chao Yan's landlord?,Yes,-0.3163098096847534,-1.312403917312622,Yes,True
398,34,social-relations,100,antonym,1,Chao collects rent from Yan.,Is Chao Yan's tenant?,No,-0.38859593868255615,-1.1405657529830933,Yes,False
399,34,social-relations,100,antonym,2,Chao pays rent to Yan.,Is Chao Yan's landlord?,No,-0.4765055179595947,-0.9765055179595947,Yes,False
400,34,social-relations,100,antonym,2,Chao pays rent to Yan.,Is Chao Yan's tenant?,Yes,-0.3143947124481201,-1.312425136566162,Yes,True
403,34,social-relations,101,variable swap,2,Yan collects rent from Chao.,Is Chao Yan's landlord?,No,-0.47644197940826416,-0.976468563079834,Yes,False
404,34,social-relations,101,variable swap,2,Yan collects rent from Chao.,Is Chao Yan's tenant?,Yes,-0.476468563079834,-0.9764894247055054,Yes,True
405,34,social-relations,102,variable swap,1,Yan pays rent to Chao.,Is Chao Yan's landlord?,Yes,-0.476468563079834,-0.976468563079834,Yes,True
406,34,social-relations,102,variable swap,1,Yan pays rent to Chao.,Is Chao Yan's tenant?,No,-0.31435680389404297,-1.312376618385315,Yes,False
410,34,social-relations,103,antonym,1,Chao collects rent from Yan.,Is Yan Chao's landlord?,No,-0.2538098096847534,-1.5077155828475952,Yes,False
412,34,social-relations,103,antonym,2,Chao pays rent to Yan.,Is Yan Chao's landlord?,Yes,-0.31628239154815674,-1.312376618385315,Yes,True
416,34,social-relations,104,variable swap,2,Yan collects rent from Chao.,Is Yan Chao's landlord?,Yes,-0.3143947124481201,-1.3124417066574097,Yes,True
418,34,social-relations,105,variable swap,1,Yan pays rent to Chao.,Is Yan Chao's landlord?,No,-0.47842156887054443,-0.976468563079834,Yes,False
421,34,social-relations,106,antonym,1,Chao collects rent from Yan.,Is Yan Chao's tenant?,Yes,-0.2538098096847534,-1.5077155828475952,Yes,True
423,34,social-relations,106,antonym,2,Chao pays rent to Yan.,Is Yan Chao's tenant?,No,-0.2538098096847534,-1.5077370405197144,Yes,False
427,34,social-relations,107,variable swap,2,Yan collects rent from Chao.,Is Yan Chao's tenant?,No,-0.3143947124481201,-1.312425136566162,Yes,False
429,34,social-relations,108,variable swap,1,Yan pays rent to Chao.,Is Yan Chao's tenant?,Yes,-0.476468563079834,-0.9765055179595947,Yes,True
433,35,social-relations,109,antonym,1,Chao collects money from Yan.,Is Chao Yan's landlord?,Yes,-0.6991214752197266,-0.6991430521011353,Yes,True
434,35,social-relations,109,antonym,1,Chao collects money from Yan.,Is Chao Yan's tenant?,No,-0.8319549560546875,-0.5819717645645142,No,True
435,35,social-relations,109,antonym,2,Chao pays money to Yan.,Is Chao Yan's landlord?,No,-0.8319549560546875,-0.5819549560546875,No,True
436,35,social-relations,109,antonym,2,Chao pays money to Yan.,Is Chao Yan's tenant?,Yes,-0.9803744554519653,-0.4803953170776367,No,False
439,35,social-relations,110,variable swap,2,Yan collects money from Chao.,Is Chao Yan's landlord?,No,-0.9803744554519653,-0.47844231128692627,No,True
440,35,social-relations,110,variable swap,2,Yan collects money from Chao.,Is Chao Yan's tenant?,Yes,-0.9803953170776367,-0.4803953170776367,No,False
441,35,social-relations,111,variable swap,1,Yan pays money to Chao.,Is Chao Yan's landlord?,Yes,-0.8319053649902344,-0.5819332599639893,No,False
442,35,social-relations,111,variable swap,1,Yan pays money to Chao.,Is Chao Yan's tenant?,No,-0.9803953170776367,-0.4804115295410156,No,True
446,35,social-relations,112,antonym,1,Chao collects money from Yan.,Is Yan Chao's landlord?,No,-0.5819332599639893,-0.8319549560546875,Yes,False
448,35,social-relations,112,antonym,2,Chao pays money to Yan.,Is Yan Chao's landlord?,Yes,-0.7030273675918579,-0.7030489444732666,Yes,True
452,35,social-relations,113,variable swap,2,Yan collects money from Chao.,Is Yan Chao's landlord?,Yes,-0.6991430521011353,-0.6991430521011353,No,False
454,35,social-relations,114,variable swap,1,Yan pays money to Chao.,Is Yan Chao's landlord?,No,-0.8319332599639893,-0.5819549560546875,No,True
457,35,social-relations,115,antonym,1,Chao collects money from Yan.,Is Yan Chao's tenant?,Yes,-0.5858391523361206,-0.8358608484268188,Yes,True
459,35,social-relations,115,antonym,2,Chao pays money to Yan.,Is Yan Chao's tenant?,No,-0.7030273675918579,-0.7030489444732666,Yes,False
463,35,social-relations,116,variable swap,2,Yan collects money from Chao.,Is Yan Chao's tenant?,No,-0.9803953170776367,-0.48042428493499756,No,True
465,35,social-relations,117,variable swap,1,Yan pays money to Chao.,Is Yan Chao's tenant?,Yes,-0.9803953170776367,-0.4804115295410156,No,False
470,36,social-relations,118,other,1,Chao rents a duplex to Yan.,Is Chao Yan's roommate?,No,-0.388574481010437,-1.140527367591858,Yes,False
472,36,social-relations,118,other,2,Chao shares a duplex with Yan.,Is Chao Yan's roommate?,Yes,-0.47648942470550537,-0.9765055179595947,Yes,True
474,37,social-relations,119,other,1,Chao collects rent from Yan.,Is Chao Yan's roommate?,No,-0.5779995918273926,-0.8280273675918579,Yes,False
475,37,social-relations,119,other,2,Chao splits rent with Yan.,Is Chao Yan's landlord?,No,-1.1405657529830933,-0.39056575298309326,No,True
476,37,social-relations,119,other,2,Chao splits rent with Yan.,Is Chao Yan's roommate?,Yes,-0.3905489444732666,-1.1405489444732666,Yes,True
478,38,social-relations,120,other,1,Chao rents a duplex from Yan.,Is Chao Yan's roommate?,No,-0.6952155828475952,-0.6952370405197144,Yes,False
479,38,social-relations,120,other,2,Chao shares a duplex with Yan.,Is Chao Yan's tenant?,No,-0.5780657529830933,-0.8280788660049438,Yes,False
481,40,social-relations,121,other,1,Chao cooks for Yan.,Is Chao Yan's parent?,Yes,-1.7030489444732666,-0.20404231548309326,No,False
482,40,social-relations,121,other,1,Chao cooks for Yan.,Is Chao Yan's sibling?,No,-1.7029995918273926,-0.20400381088256836,No,True
483,40,social-relations,121,other,2,Chao shares toys with Yan.,Is Chao Yan's parent?,No,-1.3202370405197144,-0.32025372982025146,No,True
484,40,social-relations,121,other,2,Chao shares toys with Yan.,Is Chao Yan's sibling?,Yes,-1.5077155828475952,-0.2557626962661743,No,False
485,41,social-relations,122,other,1,Maria gave birth to Yan.,Is Maria Yan's parent?,Yes,-0.20207250118255615,-1.7030489444732666,Yes,True
486,41,social-relations,122,other,1,Maria gave birth to Yan.,Is Maria Yan's sibling?,No,-0.476468563079834,-0.976468563079834,Yes,False
488,41,social-relations,122,other,2,Maria shares parents with Yan.,Is Maria Yan's sibling?,Yes,-0.8280273675918579,-0.5780273675918579,No,False
489,42,social-relations,123,other,1,Chao chose a school for Yan.,Is Chao Yan's parent?,Yes,-0.31437814235687256,-1.312425136566162,Yes,True
490,42,social-relations,123,other,1,Chao chose a school for Yan.,Is Chao Yan's sibling?,No,-1.140527367591858,-0.388574481010437,No,True
491,42,social-relations,123,other,2,Chao went to school with Yan.,Is Chao Yan's parent?,No,-1.312403917312622,-0.316331148147583,No,True
492,42,social-relations,123,other,2,Chao went to school with Yan.,Is Chao Yan's sibling?,Yes,-1.703027367591858,-0.20306575298309326,No,False
493,43,social-relations,124,other,1,Chao is 35 years older than Yan.,Is Chao Yan's parent?,Yes,-1.5076881647109985,-0.2596900463104248,No,False
494,43,social-relations,124,other,1,Chao is 35 years older than Yan.,Is Chao Yan's sibling?,No,-1.7029995918273926,-0.2059783935546875,No,True
495,43,social-relations,124,other,2,Chao is 5 years older than Yan.,Is Chao Yan's parent?,No,-2.1248767375946045,-0.13173913955688477,No,True
496,43,social-relations,124,other,2,Chao is 5 years older than Yan.,Is Chao Yan's sibling?,Yes,-2.1248416900634766,-0.12980759143829346,No,False
497,44,social-relations,125,active-passive,1,Chao raised Yan.,Is Chao Yan's parent?,Yes,-0.25187814235687256,-1.499903917312622,Yes,True
498,44,social-relations,125,active-passive,1,Chao raised Yan.,Is Chao Yan's child?,No,-0.31432950496673584,-1.3122965097427368,Yes,False
499,44,social-relations,125,active-passive,2,Chao was raised by Yan.,Is Chao Yan's parent?,No,-0.31437814235687256,-1.312403917312622,Yes,False
500,44,social-relations,125,active-passive,2,Chao was raised by Yan.,Is Chao Yan's child?,Yes,-0.316331148147583,-1.312403917312622,Yes,True
503,44,social-relations,126,variable swap,2,Yan raised Chao.,Is Chao Yan's parent?,No,-0.5779995918273926,-0.8280273675918579,Yes,False
504,44,social-relations,126,variable swap,2,Yan raised Chao.,Is Chao Yan's child?,Yes,-0.47644197940826416,-0.976468563079834,Yes,True
505,44,social-relations,127,variable swap,1,Yan was raised by Chao.,Is Chao Yan's parent?,Yes,-0.31435680389404297,-1.312403917312622,Yes,True
506,44,social-relations,127,variable swap,1,Yan was raised by Chao.,Is Chao Yan's child?,No,-0.47644197940826416,-0.9764419794082642,Yes,False
510,44,social-relations,128,active-passive,1,Chao raised Yan.,Is Yan Chao's parent?,No,-0.31429433822631836,-1.312376618385315,Yes,False
512,44,social-relations,128,active-passive,2,Chao was raised by Yan.,Is Yan Chao's parent?,Yes,-0.2030489444732666,-1.7029995918273926,Yes,True
516,44,social-relations,129,variable swap,2,Yan raised Chao.,Is Yan Chao's parent?,Yes,-0.2030489444732666,-1.7029995918273926,Yes,True
518,44,social-relations,130,variable swap,1,Yan was raised by Chao.,Is Yan Chao's parent?,No,-0.31435680389404297,-1.312403917312622,Yes,False
521,44,social-relations,131,active-passive,1,Chao raised Yan.,Is Yan Chao's child?,Yes,-0.2030273675918579,-1.7029995918273926,Yes,True
523,44,social-relations,131,active-passive,2,Chao was raised by Yan.,Is Yan Chao's child?,No,-0.47644197940826416,-0.9764419794082642,Yes,False
527,44,social-relations,132,variable swap,2,Yan raised Chao.,Is Yan Chao's child?,No,-0.476468563079834,-0.9764419794082642,Yes,False
529,44,social-relations,133,variable swap,1,Yan was raised by Chao.,Is Yan Chao's child?,Yes,-0.31435680389404297,-1.312403917312622,Yes,True
533,45,social-relations,134,antonym,1,Chao disciplines Yan.,Is Chao Yan's parent?,Yes,-1.140527367591858,-0.38859593868255615,No,False
534,45,social-relations,134,antonym,1,Chao disciplines Yan.,Is Chao Yan's child?,No,-1.499903917312622,-0.253831148147583,No,True
535,45,social-relations,134,antonym,2,Chao obeys Yan.,Is Chao Yan's parent?,No,-1.5077155828475952,-0.2557840347290039,No,True
536,45,social-relations,134,antonym,2,Chao obeys Yan.,Is Chao Yan's child?,Yes,-1.703027367591858,-0.20500195026397705,No,False
539,45,social-relations,135,variable swap,2,Yan disciplines Chao.,Is Chao Yan's parent?,No,-1.312376618385315,-0.3163098096847534,No,True
540,45,social-relations,135,variable swap,2,Yan disciplines Chao.,Is Chao Yan's child?,Yes,-1.312403917312622,-0.31435680389404297,No,False
541,45,social-relations,136,variable swap,1,Yan obeys Chao.,Is Chao Yan's parent?,Yes,-1.1404995918273926,-0.3905273675918579,No,False
542,45,social-relations,136,variable swap,1,Yan obeys Chao.,Is Chao Yan's child?,No,-0.9764419794082642,-0.47839486598968506,No,True
546,45,social-relations,137,antonym,1,Chao disciplines Yan.,Is Yan Chao's parent?,No,-1.1404995918273926,-0.3904995918273926,No,True
548,45,social-relations,137,antonym,2,Chao obeys Yan.,Is Yan Chao's parent?,Yes,-1.5076881647109985,-0.2557626962661743,No,False
552,45,social-relations,138,variable swap,2,Yan disciplines Chao.,Is Yan Chao's parent?,Yes,-1.1405489444732666,-0.38859593868255615,No,False
554,45,social-relations,139,variable swap,1,Yan obeys Chao.,Is Yan Chao's parent?,No,-1.5076881647109985,-0.2557840347290039,No,True
557,45,social-relations,140,antonym,1,Chao disciplines Yan.,Is Yan Chao's child?,Yes,-1.7029995918273926,-0.20400381088256836,No,False
559,45,social-relations,140,antonym,2,Chao obeys Yan.,Is Yan Chao's child?,No,-1.3201881647109985,-0.31628239154815674,No,True
563,45,social-relations,141,variable swap,2,Yan disciplines Chao.,Is Yan Chao's child?,No,-1.7029995918273926,-0.2030489444732666,No,True
565,45,social-relations,142,variable swap,1,Yan obeys Chao.,Is Yan Chao's child?,Yes,-1.312425136566162,-0.316331148147583,No,False
569,46,social-relations,143,antonym,1,Chao makes decisions more often than Yan.,Is Chao Yan's parent?,Yes,-1.3124417066574097,-0.31634771823883057,No,False
570,46,social-relations,143,antonym,1,Chao makes decisions more often than Yan.,Is Chao Yan's child?,No,-2.124925136566162,-0.1288607120513916,No,True
571,46,social-relations,143,antonym,2,Chao makes decisions less often than Yan.,Is Chao Yan's parent?,No,-1.5077667236328125,-0.25581371784210205,No,True
572,46,social-relations,143,antonym,2,Chao makes decisions less often than Yan.,Is Chao Yan's child?,Yes,-1.914018154144287,-0.16206514835357666,No,False
575,46,social-relations,144,variable swap,2,Yan makes decisions more often than Chao.,Is Chao Yan's parent?,No,-1.3202155828475952,-0.31634771823883057,No,True
576,46,social-relations,144,variable swap,2,Yan makes decisions more often than Chao.,Is Chao Yan's child?,Yes,-1.3202370405197144,-0.31634771823883057,No,False
577,46,social-relations,145,variable swap,1,Yan makes decisions less often than Chao.,Is Chao Yan's parent?,Yes,-1.1405489444732666,-0.3905489444732666,No,False
578,46,social-relations,145,variable swap,1,Yan makes decisions less often than Chao.,Is Chao Yan's child?,No,-1.1405489444732666,-0.3905489444732666,No,True
582,46,social-relations,146,antonym,1,Chao makes decisions more often than Yan.,Is Yan Chao's parent?,No,-1.5077370405197144,-0.255800724029541,No,True
584,46,social-relations,146,antonym,2,Chao makes decisions less often than Yan.,Is Yan Chao's parent?,Yes,-1.3202537298202515,-0.3163607120513916,No,False
588,46,social-relations,147,variable swap,2,Yan makes decisions more often than Chao.,Is Yan Chao's parent?,Yes,-1.312425136566162,-0.31634771823883057,No,False
590,46,social-relations,148,variable swap,1,Yan makes decisions less often than Chao.,Is Yan Chao's parent?,No,-1.5077537298202515,-0.2538607120513916,No,True
593,46,social-relations,149,antonym,1,Chao makes decisions more often than Yan.,Is Yan Chao's child?,Yes,-1.5077370405197144,-0.2557840347290039,No,False
595,46,social-relations,149,antonym,2,Chao makes decisions less often than Yan.,Is Yan Chao's child?,No,-1.5077370405197144,-0.2557840347290039,No,True
599,46,social-relations,150,variable swap,2,Yan makes decisions more often than Chao.,Is Yan Chao's child?,No,-1.3124417066574097,-0.31634771823883057,No,True
601,46,social-relations,151,variable swap,1,Yan makes decisions less often than Chao.,Is Yan Chao's child?,Yes,-1.4999545812606812,-0.2538607120513916,No,False
606,47,social-relations,152,antonym,1,Chao is 35 years older than Yan.,Is Chao Yan's child?,No,-2.577918291091919,-0.08337009698152542,No,True
607,47,social-relations,152,antonym,2,Chao is 35 years younger than Yan.,Is Chao Yan's parent?,No,-1.913968563079834,-0.16595852375030518,No,True
608,47,social-relations,152,antonym,2,Chao is 35 years younger than Yan.,Is Chao Yan's child?,Yes,-2.5779995918273926,-0.0839078426361084,No,False
610,47,social-relations,153,antonym,1,Chao is 35 years older than Yan.,Is Yan Chao's parent?,No,-2.1404640674591064,-0.13371360301971436,No,True
612,47,social-relations,153,antonym,2,Chao is 35 years younger than Yan.,Is Yan Chao's parent?,Yes,-1.9217535257339478,-0.16885101795196533,No,False
613,47,social-relations,154,antonym,1,Chao is 35 years older than Yan.,Is Yan Chao's child?,Yes,-2.5779640674591064,-0.08388615399599075,No,False
615,47,social-relations,154,antonym,2,Chao is 35 years younger than Yan.,Is Yan Chao's child?,No,-2.1404995918273926,-0.1356450319290161,No,True
617,48,social-relations,155,other,1,Chao shares parents with Yan.,Is Chao Yan's sibling?,Yes,-0.976468563079834,-0.47844231128692627,No,False
618,48,social-relations,155,other,1,Chao shares parents with Yan.,Is Chao Yan's child?,No,-0.6991430521011353,-0.6991214752197266,No,True
619,48,social-relations,155,other,2,Chao was born to Yan.,Is Chao Yan's sibling?,No,-0.47644197940826416,-0.9764419794082642,Yes,False
620,48,social-relations,155,other,2,Chao was born to Yan.,Is Chao Yan's child?,Yes,-0.31435680389404297,-1.312403917312622,Yes,True
621,49,social-relations,156,other,1,Chao grew up with Yan.,Is Chao Yan's sibling?,Yes,-0.8319332599639893,-0.5819332599639893,No,False
622,49,social-relations,156,other,1,Chao grew up with Yan.,Is Chao Yan's child?,No,-0.8319549560546875,-0.5819549560546875,No,True
623,49,social-relations,156,other,2,Chao was raised by Yan.,Is Chao Yan's sibling?,No,-0.976468563079834,-0.47842156887054443,No,True
625,50,social-relations,157,other,1,Yan is 5 years older than Chao.,Is Chao Yan's sibling?,Yes,-2.1247966289520264,-0.12975884974002838,No,False
626,50,social-relations,157,other,1,Yan is 5 years older than Chao.,Is Chao Yan's child?,No,-2.3592190742492676,-0.105835922062397,No,True
628,50,social-relations,157,other,2,Yan is 35 years older than Chao.,Is Chao Yan's child?,Yes,-2.3592190742492676,-0.10635102540254593,No,False
