question,A,B,C,D,answer,predicted_answer,is_correct,eval_split_ratio,fold,raw_oa_logprob,raw_ob_logprob,raw_oc_logprob,raw_od_logprob,corrected_oa_logprob,corrected_ob_logprob,corrected_oc_logprob,corrected_od_logprob,calib_oa_mean,calib_ob_mean,calib_oc_mean,calib_od_mean,plain_predicted_answer,kfold_predicted_answer,plain_is_correct,kfold_is_correct
Which of the following is used in SCR to protect from high dV / dt?,(A) Snubber circuit.,(B) Fuse.,(C) Equalizing circuit.,(D) Circuit breaker.,A,A,True,20.0,0,-0.031135013327002525,-6.0005693435668945,-4.586377143859863,-5.834292888641357,2.4582021815197854,-3.322902606955419,-2.3748246121491925,-3.3483753031662977,-2.489337194846788,-2.6776667366114757,-2.211552531710671,-2.4859175854750597,A,A,True,True
Speed control by variation of field flux results in,(A) constant power drive.,(B) constant torque drive.,(C) variable power drive.,(D) none of the above.,A,B,False,20.0,0,-1.3965827226638794,-0.6429005861282349,-2.0145084857940674,-3.0103089809417725,1.0927544721829086,2.034766150483241,0.1970440459166034,-0.5243913954667128,-2.489337194846788,-2.6776667366114757,-2.211552531710671,-2.4859175854750597,B,B,False,False
A long wire composed of a smooth round conductor runs above and parallel to the ground (assumed to be a large conducting plane). A high voltage exists between the conductor and the ground. The maximum electric stress occurs at,(A) lower surface of the conductor.,(B) upper surface of the conductor.,(C) the ground surface.,(D) midway between the conductor and ground.,A,B,False,20.0,0,-1.232085108757019,-0.4814070761203766,-3.4801011085510254,-3.479222059249878,1.257252086089769,2.196259660491099,-1.2685485768403546,-0.9933044737748182,-2.489337194846788,-2.6776667366114757,-2.211552531710671,-2.4859175854750597,B,B,False,False
The main advantage of dielectric heating is that,(A) heating occurs in the material itself.,(B) heating occurs due to high frequency.,(C) it can be used for drying the explosives.,(D) None of the above.,A,A,True,20.0,0,-0.19455091655254364,-2.9365296363830566,-3.1864006519317627,-3.056929588317871,2.2947862782942443,-0.25886289977158095,-0.9748481202210919,-0.5710120028428114,-2.489337194846788,-2.6776667366114757,-2.211552531710671,-2.4859175854750597,A,A,True,True
"A sinusoidal signal is analog signal, because",(A) it can have a number of values between the negative and positive peaks,(B) it is negative for one half cycle,(C) it is positive for one half cycle,(D) it has positive as well as negative values,A,A,True,20.0,0,-0.047673773020505905,-5.791958332061768,-5.48668909072876,-4.3104472160339355,2.441663421826282,-3.114291595450292,-3.275136559018089,-1.8245296305588758,-2.489337194846788,-2.6776667366114757,-2.211552531710671,-2.4859175854750597,A,A,True,True
Thin laminations are used in a machine in order to reduce,(A) Eddy current losses,(B) Hysteresis losses,(C) Both A and B,(D) Copper losses,A,C,False,20.0,0,-1.9741441011428833,-3.2328007221221924,-0.2278207540512085,-4.5904717445373535,0.5151930937039046,-0.5551339855107167,1.9837317776594623,-2.104554159062294,-2.489337194846788,-2.6776667366114757,-2.211552531710671,-2.4859175854750597,C,C,False,False
What is used to protect the SCR from over current ?,(A) CB and fuse.,(B) Heat sink.,(C) Snubber circuit.,(D) Voltage clamping device.,A,C,False,20.0,0,-2.5954296588897705,-5.353147506713867,-0.11462575942277908,-4.681190013885498,-0.10609246404298256,-2.6754807701023915,2.0969267722878917,-2.1952724284104383,-2.489337194846788,-2.6776667366114757,-2.211552531710671,-2.4859175854750597,C,C,False,False
"In balanced bridge, if the positions of detector and source are interchanged, the bridge will still remain balanced. This can be explained from which theorem",(A) Reciprocity theorem,(B) Thevinin's theorem,(C) Norton's theorem,(D) Compensation theorem,A,A,True,20.0,0,-0.07137838006019592,-4.9193501472473145,-4.3072662353515625,-3.949897289276123,2.417958814786592,-2.2416834106358388,-2.0957137036408917,-1.4639797038010633,-2.489337194846788,-2.6776667366114757,-2.211552531710671,-2.4859175854750597,A,A,True,True
Which of the following windings are necessary in case of all dc machines?,(A) closed winding,(B) lap winding,(C) wave winding,(D) open type winding,A,B,False,20.0,1,-1.5201845169067383,-1.272504448890686,-1.5215827226638794,-1.7715827226638794,0.9085161239878894,1.4752603053736189,0.6160426828040122,0.7969707961892709,-2.4287006408946277,-2.747764754264305,-2.1376254054678916,-2.5685535188531503,B,B,False,False
The smallest change in measured variable to which instrument will respond is,(A) resolution.,(B) accuracy.,(C) precision.,(D) sensitivity.,A,D,False,20.0,1,-3.3059322834014893,-5.9380693435668945,-4.3376336097717285,-0.07969453185796738,-0.8772316425068616,-3.1903045893025896,-2.200008204303837,2.488858986995183,-2.4287006408946277,-2.747764754264305,-2.1376254054678916,-2.5685535188531503,D,D,False,False
Electric drive is becoming more and more popular because,(A) all of below.,(B) it provide smooth and easy control.,(C) it is cheaper in cost.,(D) it is simple and reliable.,A,B,False,20.0,1,-1.3658719062805176,-1.11697256565094,-3.6225242614746094,-1.4914376735687256,1.06282873461411,1.630792188613365,-1.4848988560067178,1.0771158452844247,-2.4287006408946277,-2.747764754264305,-2.1376254054678916,-2.5685535188531503,B,B,False,False
If P is the power of a star connected system then what will be power of an equivalent delta connected system?,(A) P,(B) 3P,(C) P/3,(D) None of the above,A,B,False,20.0,1,-2.668102502822876,-0.6743862628936768,-1.0535967350006104,-2.916722059249878,-0.2394018619282483,2.073378491370628,1.0840286704672812,-0.3481685403967276,-2.4287006408946277,-2.747764754264305,-2.1376254054678916,-2.5685535188531503,B,B,False,False
Which of these sets of logic gates are designated as universal gates?,"(A) NOR, NAND.","(B) XOR, NOR, NAND.","(C) OR, NOT, AND.","(D) NOR, NAND, XNOR.",A,A,True,20.0,1,-0.30554771423339844,-2.6866438388824463,-3.9336681365966797,-1.8035264015197754,2.1231529266612292,0.0611209153818586,-1.796042731128788,0.7650271173333749,-2.4287006408946277,-2.747764754264305,-2.1376254054678916,-2.5685535188531503,A,A,True,True
In decimal number system what is MSD,(A) First digit from left to right,(B) First digit from right to left,(C) Middle digit,(D) Mean of all digits,A,A,True,20.0,1,-0.028530871495604515,-4.309054374694824,-5.994357585906982,-6.255748748779297,2.400169769399023,-1.5612896204305193,-3.856732180439091,-3.6871952299261466,-2.4287006408946277,-2.747764754264305,-2.1376254054678916,-2.5685535188531503,A,A,True,True
________ is the most detrimental impurity in the magnetic materials,(A) Carbon.,(B) Sulphur.,(C) Oxygen.,(D) Nitrogen.,A,C,False,20.0,1,-1.8359034061431885,-2.341632127761841,-0.5928665995597839,-1.8421001434326172,0.5927972347514392,0.40613262650246407,1.5447588059081077,0.7264533754205331,-2.4287006408946277,-2.747764754264305,-2.1376254054678916,-2.5685535188531503,C,C,False,False
Relative error is same as,(A) ratio of absolute error and true value.,(B) absolute error.,(C) true error.,(D) none of the above.,A,A,True,20.0,1,-0.09805025905370712,-4.639710903167725,-5.203205108642578,-3.5772109031677246,2.3306503818409205,-1.8919461489034197,-3.0655797031746865,-1.0086573843145743,-2.4287006408946277,-2.747764754264305,-2.1376254054678916,-2.5685535188531503,A,A,True,True
Inintel 8085A microprocessor ALE signal is made high to,(A) Enable the data bus to be used as low order address bus,(B) To latch data D0-D7 from data bus,(C) To disable data bus,(D) To achieve all the functions listed above,A,A,True,20.0,2,-0.24342334270477295,-4.303332328796387,-3.4966177940368652,-2.123188018798828,2.236169542535208,-1.4691569944067546,-1.2652438875326575,0.4868715202125409,-2.479592885239981,-2.834175334389632,-2.2313739065042077,-2.610059539011369,A,A,True,True
In a lap winding dc machine number of conductors are 100 and number of parallel paths are 10. Find the average pitch,(A) 10,(B) 100,(C) 50,(D) 1,A,C,False,20.0,2,-2.0456488132476807,-1.9209775924682617,-0.6710830330848694,-1.6707229614257812,0.43394407199230045,0.9131977419213704,1.5602908734193384,0.9393365775855878,-2.479592885239981,-2.834175334389632,-2.2313739065042077,-2.610059539011369,C,C,False,False
"A single phase one pulse controlled circuit has a resistance R and counter emf E load 400 sin(314 t) as the source voltage. For a load counter emf of 200 V, the range of firing angle control is",(A) 30° to 150°.,(B) 30° to 180°.,(C) 60° to 120°.,(D) 60° to 180°.,A,D,False,20.0,2,-2.0447237491607666,-1.294585108757019,-1.5460319519042969,-1.0461310148239136,0.4348691360792145,1.539590225632613,0.6853419545999109,1.5639285241874554,-2.479592885239981,-2.834175334389632,-2.2313739065042077,-2.610059539011369,D,D,False,False
The normal voltage used in directional heating is,(A) 1.5 KV.,(B) 15 KV.,(C) 33 KV.,(D) 66 KV.,A,B,False,20.0,2,-2.072103261947632,-0.45480307936668396,-1.7016915082931519,-3.448432207107544,0.4074896232923493,2.379372255022948,0.5296823982110559,-0.8383726680961749,-2.479592885239981,-2.834175334389632,-2.2313739065042077,-2.610059539011369,B,B,False,False
The number of output pins in 8085 microprocessors are,(A) 27.,(B) 40.,(C) 21.,(D) 19.,A,C,False,20.0,2,-2.1216177940368652,-1.252537727355957,-0.8765712976455688,-1.8803174495697021,0.3579750912031159,1.581637607033675,1.354802608858639,0.7297420894416669,-2.479592885239981,-2.834175334389632,-2.2313739065042077,-2.610059539011369,C,B,False,False
LC oscillators are used for produce a waveform with frequency ranging from,(A) 1MHz to 500 MHz,(B) 100 KHz to 500 MHz,(C) 1 KHz to 1 MHz,(D) 1MHz to 100 GHz,A,B,False,20.0,2,-1.3408561944961548,-0.7161958813667297,-2.4664957523345947,-2.0931036472320557,1.1387366907438263,2.1179794530229024,-0.23512184583038698,0.5169558917793133,-2.479592885239981,-2.834175334389632,-2.2313739065042077,-2.610059539011369,B,B,False,False
In binary number system the first digit (bit) from right to left is called as,"(A) LSB, Least Significant Bit","(B) MSB, Most Significant Bit",(C) First Bit,(D) Last Bit,A,A,True,20.0,2,-0.0840437188744545,-3.396185874938965,-5.1501336097717285,-6.208685874938965,2.3955491663655266,-0.5620105405493327,-2.9187597032675208,-3.598626335927596,-2.479592885239981,-2.834175334389632,-2.2313739065042077,-2.610059539011369,A,A,True,True
"Four capacitors each of 40 µF are connected in parallel, the equivalent capacitance of the system will be",(A) 160 µF,(B) 10 µF,(C) 40 µF,(D) 5 µF,A,A,True,20.0,2,-0.04022831842303276,-5.645540237426758,-4.023877143859863,-6.023877143859863,2.4393645668169484,-2.8113649030371257,-1.7925032373556555,-3.4138176048484943,-2.479592885239981,-2.834175334389632,-2.2313739065042077,-2.610059539011369,A,A,True,True
The ROM programmed during manufacturing process itself is called,(A) MROM,(B) PROM,(C) EPROM,(D) EEPROM,A,A,True,20.0,3,-0.05889083072543144,-4.109930038452148,-5.103147506713867,-4.36324405670166,2.368577147484757,-1.3665440015805266,-2.81010458804667,-1.7699813620032123,-2.4274679782101884,-2.743386036871622,-2.2930429186671972,-2.593262694698448,A,A,True,True
Advantages of open loop control system is/are,(A) simple and economical.,(B) accurate.,(C) reliable.,(D) all of the above.,A,D,False,20.0,3,-2.6550426483154297,-4.591350555419922,-3.7798819541931152,-0.1604832112789154,-0.22757467010524124,-1.8479645185483,-1.486839035525918,2.4327794834195324,-2.4274679782101884,-2.743386036871622,-2.2930429186671972,-2.593262694698448,D,D,False,False
"Four identical alternators each are rated for 20 MVA, 11 KV having a subtransient reactance of 16% are working in parallel. The short circuit level at the busbar is",(A) 500 MVA,(B) 400 MVA,(C) 125 MVA,(D) 100 MVA,A,B,False,20.0,3,-1.2953959703445435,-1.2951992750167847,-1.2959197759628296,-1.9210830926895142,1.132072007865645,1.4481867618548372,0.9971231427043676,0.6721796020089337,-2.4274679782101884,-2.743386036871622,-2.2930429186671972,-2.593262694698448,B,B,False,False
"The moving coil-meters, damping is provided by",(A) the aluminium frame of the coil.,(B) the coil spring attached to the moving.,(C) eddy current disk.,(D) damping vane in the airtight chamber.,A,C,False,20.0,3,-3.010932207107544,-2.384216070175171,-0.3863140642642975,-2.013784646987915,-0.5834642288973555,0.35916996669645096,1.9067288544028997,0.5794780477105328,-2.4274679782101884,-2.743386036871622,-2.2930429186671972,-2.593262694698448,C,C,False,False
Instantaneous power in inductor is proportional to the,(A) product of the instantaneous current and rate of change of current.,(B) square of instantaneous current.,(C) square of the rate of change of current.,(D) temperature of the inductor.,A,A,True,20.0,3,-0.19921672344207764,-3.572467088699341,-2.3266913890838623,-4.3072662353515625,2.228251254768111,-0.829081051827719,-0.03364847041666508,-1.7140035406531147,-2.4274679782101884,-2.743386036871622,-2.2930429186671972,-2.593262694698448,A,A,True,True
For an SCR gate cathode characteristic is a straight line of 130. For triggered source volume of 15 V and allowable gate power dissipation of 0.5 W compute the gate source resistance?,(A) 111.9 ohm,(B) 11.19 ohm,(C) 108 ohm,(D) 115 ohm,A,A,True,20.0,3,-1.0135397911071777,-1.3892782926559448,-1.3895760774612427,-2.3894362449645996,1.4139281871030107,1.354107744215677,0.9034668412059546,0.20382644973384823,-2.4274679782101884,-2.743386036871622,-2.2930429186671972,-2.593262694698448,A,A,True,True
The errors mainly caused by human mistakes are,(A) gross error.,(B) instrumental error.,(C) observational error.,(D) systematic error.,A,C,False,20.0,3,-1.188544750213623,-4.237490653991699,-0.5695509314537048,-2.5591177940368652,1.2389232279965654,-1.4941046171200774,1.7234919872134924,0.0341449006615826,-2.4274679782101884,-2.743386036871622,-2.2930429186671972,-2.593262694698448,C,C,False,False
A wire carrying current is bent in the form of a circular loop. Then the magnetic field around each portion of the wire will be,(A) parallel to the plane of the wire.,(B) perpendicular to the circumference of the wire.,(C) parallel to half portion and perpendicular for the other half.,(D) none of above.,A,B,False,20.0,3,-2.756875514984131,-0.14377041161060333,-4.022363185882568,-4.450029373168945,-0.3294075367739424,2.5996156252610185,-1.7293202672153711,-1.8567666784704975,-2.4274679782101884,-2.743386036871622,-2.2930429186671972,-2.593262694698448,B,B,False,False
Piezoelectric effect is carried out in,(A) composite filter.,(B) crystal filter.,(C) m derived.,(D) constant k prototype.,B,B,True,20.0,0,-4.979458332061768,-0.05961756408214569,-4.657749652862549,-5.829290390014648,-2.4901211372149796,2.61804917252933,-2.446197121151878,-3.3433728045395887,-2.489337194846788,-2.6776667366114757,-2.211552531710671,-2.4859175854750597,B,B,True,True
Which of the following memories uses one transistor and one capacitor as basic memory unit,(A) SRAM,(B) DRAM,(C) Both SRAM and DRAM,(D) None,B,A,False,20.0,0,-0.9091513156890869,-1.029260277748108,-1.9047000408172607,-2.775850534439087,1.580185879157701,1.6484064588633678,0.30685249089341005,-0.2899329489640272,-2.489337194846788,-2.6776667366114757,-2.211552531710671,-2.4859175854750597,A,B,False,True
A working diode must have,(A) High resistance when forward or reverse biased,"(B) Low resistance when forward biased, while high resistance when reverse bias","(C) High resistance when forward biased, while low resistance when reverse bias",(D) Low resistance when forward or reverse biased,B,B,True,20.0,0,-4.216350555419922,-0.22284294664859772,-1.850419282913208,-4.463983535766602,-1.727013360573134,2.454823789962878,0.3611332487974628,-1.9780659502915419,-2.489337194846788,-2.6776667366114757,-2.211552531710671,-2.4859175854750597,B,B,True,True
Temperature variation is a/an,(A) Digital quantity,(B) Analog quantity,(C) Either Digital or Analog quantity,(D) None,B,B,True,20.0,0,-4.484930038452148,-0.04873933643102646,-4.117853164672852,-5.209554195404053,-1.9955928436053605,2.6289274001804492,-1.9063006329621808,-2.723636609928993,-2.489337194846788,-2.6776667366114757,-2.211552531710671,-2.4859175854750597,B,B,True,True
Induction heating takes place in,(A) conducting but non-magnetic materials.,(B) conducting materials which may be either magnetic or non-magentic materials.,(C) insulating materials.,(D) conducting and magnetic materials.,B,B,True,20.0,0,-2.7926011085510254,-0.5375949144363403,-3.5428595542907715,-1.2872925996780396,-0.30326391370423744,2.1400718221751354,-1.3313070225801007,1.1986249857970201,-2.489337194846788,-2.6776667366114757,-2.211552531710671,-2.4859175854750597,B,B,True,True
Susceptibility is negative for,(A) non magnetic substances.,(B) diamagnetic substances.,(C) ferromagnetic substances.,(D) none of above.,B,C,False,20.0,0,-2.6031627655029297,-1.8535380363464355,-0.36042898893356323,-4.412773609161377,-0.11382557065614174,0.8241287002650401,1.8511235427771076,-1.9268560236863173,-2.489337194846788,-2.6776667366114757,-2.211552531710671,-2.4859175854750597,C,C,False,False
For intermittent work which of the following furnace is suitable?,(A) Core less furnace.,(B) Indirect arc furnace.,(C) Either of above.,(D) Nither of above.,B,C,False,20.0,0,-1.701284646987915,-1.7020083665847778,-0.8276876211166382,-1.8250926733016968,0.7880525478588729,0.9756583700266979,1.3838649105940326,0.6608249121733629,-2.489337194846788,-2.6776667366114757,-2.211552531710671,-2.4859175854750597,C,C,False,False
A combinational PLD with a fixed AND array and a programmable OR array is called a,(A) PLD,(B) PROM,(C) PAL,(D) PLA,B,C,False,20.0,0,-3.760932207107544,-4.743284702301025,-0.26060643792152405,-1.7570017576217651,-1.271595012260756,-2.0656179656895497,1.9509460937891467,0.7289158278532946,-2.489337194846788,-2.6776667366114757,-2.211552531710671,-2.4859175854750597,C,C,False,False
Which of the following oscillators are used for low frequency (LF) applications,(A) LC oscillators,(B) RC oscillators,(C) Both LC and RC Oscillators,(D) None,B,B,True,20.0,1,-2.918330669403076,-0.2887391746044159,-1.7867904901504517,-4.703205108642578,-0.4896300285084485,2.459025579659889,0.35083491531743993,-2.134651589789428,-2.4287006408946277,-2.747764754264305,-2.1376254054678916,-2.5685535188531503,B,B,True,True
A 0 - 100 V voltmeter has a guaranteed accuracy of 2 % of full scale reading. The voltage measured by the voltmeter is 75 V. The limiting error is in percentage,(A) 3.33 %.,(B) 2.66 %.,(C) 2 %.,(D) 1 %.,B,B,True,20.0,1,-1.2246785163879395,-0.6043211817741394,-2.9822237491607666,-2.607699155807495,1.2040221245066882,2.1434435724901655,-0.844598343692875,-0.03914563695434481,-2.4287006408946277,-2.747764754264305,-2.1376254054678916,-2.5685535188531503,B,B,True,True
Electrical analogous quantity for dash-pot in force-current analogy is,(A) resistance.,(B) conductance.,(C) inductance.,(D) capacitance.,B,C,False,20.0,1,-1.1264533996582031,-1.9936901330947876,-0.7556102871894836,-3.6733365058898926,1.3022472412364245,0.7540746211695173,1.382015118278408,-1.1047829870367423,-2.4287006408946277,-2.747764754264305,-2.1376254054678916,-2.5685535188531503,C,C,False,False
FM stands for,(A) frequent modulation.,(B) frequency modulation.,(C) frequency moderator.,(D) frequent moderator.,B,B,True,20.0,1,-3.6313138008117676,-0.08242904394865036,-4.461822032928467,-6.127401828765869,-1.20261315991714,2.6653357103156545,-2.324196627460575,-3.558848309912719,-2.4287006408946277,-2.747764754264305,-2.1376254054678916,-2.5685535188531503,B,B,True,True
"The energy stored in the magnetic field in a solenoid 30 cm long and 3 cm diameter wound with 1000 turns of wire carrying a current at 10 amp, is",(A) 0.015 joule.,(B) 0.15 joule.,(C) 0.015 joule.,(D) 1.15 joule.,B,B,True,20.0,1,-1.3037248849868774,-1.1783719062805176,-1.3035967350006104,-2.3114006519317627,1.1249757559077502,1.5693928479837873,0.8340286704672812,0.2571528669213876,-2.4287006408946277,-2.747764754264305,-2.1376254054678916,-2.5685535188531503,B,B,True,True
Electrons in p-type material of a semi-conductor are called as,(A) either minority carriers or majority carriers,(B) minority carriers,(C) majority carriers,(D) valance carriers,B,B,True,20.0,1,-2.356780767440796,-0.7355090975761414,-0.9853305220603943,-4.430353164672852,0.07191987345383177,2.0122556566881635,1.1522948834074973,-1.8617996458197013,-2.4287006408946277,-2.747764754264305,-2.1376254054678916,-2.5685535188531503,B,B,True,True
The magnetisation and applied field in ferromagnetic materials are related,(A) sinusoidally.,(B) non linearly.,(C) linearly.,(D) parabolically.,B,C,False,20.0,1,-3.9928531646728516,-0.877537727355957,-0.6296098232269287,-5.6681904792785645,-1.564152523778224,1.8702270269083479,1.5080155822409629,-3.099636960425414,-2.4287006408946277,-2.747764754264305,-2.1376254054678916,-2.5685535188531503,C,B,False,True
"What are the sets of commands in a program which are not translated into machine instructions during assembly process, called?",(A) Mnemonics,(B) Directives,(C) Identifiers,(D) Operands,B,B,True,20.0,1,-2.106435775756836,-0.2275659739971161,-3.607476234436035,-3.232353925704956,0.32226486513779173,2.520198780267189,-1.4698508289681436,-0.6638004068518057,-2.4287006408946277,-2.747764754264305,-2.1376254054678916,-2.5685535188531503,B,B,True,True
In the toggle mode a JK flip-flop has,"(A) J = 0, K = 0.","(B) J = 1, K = 1.","(C) J = 0, K = 1.","(D) J = 1, K = 0.",B,A,False,20.0,2,-1.1156967878341675,-1.9895728826522827,-1.7410264015197754,-1.1164376735687256,1.3638960974058136,0.8446024517373494,0.49034750498443236,1.4936218654426434,-2.479592885239981,-2.834175334389632,-2.2313739065042077,-2.610059539011369,A,D,False,False
"According to the Bohr model, an electron gains or losses energy only by",(A) moving faster or slower in an allowed orbit.,(B) jumping from one allowed orbit to another.,(C) being completely removed from an atom.,(D) jumping from one atom to another atom.,B,B,True,20.0,2,-4.741385459899902,-0.07447445392608643,-4.243284702301025,-5.726754665374756,-2.2617925746599212,2.7597008804635457,-2.0119107957968176,-3.116695126363387,-2.479592885239981,-2.834175334389632,-2.2313739065042077,-2.610059539011369,B,B,True,True
Which of the following is a variable displacement transducer?,(A) tachometer,(B) potentiometer,(C) synchros,(D) none of the above,B,C,False,20.0,2,-2.920569658279419,-1.2965235710144043,-0.6712581515312195,-2.045396089553833,-0.44097677303943783,1.5376517633752278,1.5601157549729883,0.564663449457536,-2.479592885239981,-2.834175334389632,-2.2313739065042077,-2.610059539011369,C,C,False,False
"The output of the system has an effect upon the input quantity, then the system is a",(A) open loop control system.,(B) closed loop control system.,(C) either A or B.,(D) none of the above.,B,B,True,20.0,2,-3.6807847023010254,-0.12524762749671936,-2.7476742267608643,-5.850273609161377,-1.2011918170610443,2.7089277068929127,-0.5163003202566565,-3.240214070150008,-2.479592885239981,-2.834175334389632,-2.2313739065042077,-2.610059539011369,B,B,True,True
A Lissajous pattern on an oscilloscope has 5 horinzontal tangencies and 2 vertical tangencies. The frequency of horizontal input is 100 Hz. The frequency of the vertical will be,(A) 500 Hz.,(B) 250 Hz.,(C) 400 Hz.,(D) 625 Hz.,B,D,False,20.0,2,-1.6235885620117188,-1.3720145225524902,-1.8735885620117188,-0.9994470477104187,0.8560043232282624,1.4621608118371419,0.357785344492489,1.6106124913009503,-2.479592885239981,-2.834175334389632,-2.2313739065042077,-2.610059539011369,D,D,False,False
A metal surface with 1 meter radius and surface charge density of 20 coulombs / m2 is enclosed in a 10 m side cube. The total outward electric displacement normal to the surface of the cube is,(A) 40π coulombs.,(B) 80π coulombs.,(C) 10π coulombs.,(D) none of these.,B,B,True,20.0,2,-1.4213305711746216,-1.1713635921478271,-1.6711310148239136,-1.545569658279419,1.0582623140653595,1.662811742241805,0.5602428916802942,1.06448988073195,-2.479592885239981,-2.834175334389632,-2.2313739065042077,-2.610059539011369,B,B,True,True
A step up chopper has input voltage 110 V and output voltage 150 V. The value of duty cycle is,(A) 0.32.,(B) 0.67.,(C) 0.45.,(D) 0.27.,B,B,True,20.0,2,-2.0447237491607666,-0.4171658754348755,-2.170569658279419,-2.9191136360168457,0.4348691360792145,2.4170094589547566,0.060804248224788804,-0.3090540970054767,-2.479592885239981,-2.834175334389632,-2.2313739065042077,-2.610059539011369,B,B,True,True
"While operating on variable frequency supplies, the AC motor requires variable voltage in order to",(A) protect the insulation.,(B) avoid effect of saturation.,(C) improve the capabilities of the inverter.,(D) protect thyristor from dV / dt.,B,D,False,20.0,2,-1.637397289276123,-1.7646992206573486,-2.1392781734466553,-0.761000394821167,0.8421955959638581,1.0694761137322835,0.09209573305755248,1.849059144190202,-2.479592885239981,-2.834175334389632,-2.2313739065042077,-2.610059539011369,D,D,False,False
For a dc machine shunt resistance and armature resistance values are,(A) high and high,(B) high and low,(C) low and low,(D) low and high,B,C,False,20.0,3,-2.0593223571777344,-2.057879686355591,-0.5531968474388123,-2.0604472160339355,0.3681456210324541,0.685506350516031,1.739846071228385,0.5328154786645123,-2.4274679782101884,-2.743386036871622,-2.2930429186671972,-2.593262694698448,C,C,False,False
Under over voltage condition impedance offered by the voltage clamping device is,(A) high.,(B) low.,(C) moderate.,(D) infinity.,B,B,True,20.0,3,-1.3078798055648804,-0.43237534165382385,-3.867393970489502,-3.619429588317871,1.119588172645308,2.311010695217798,-1.5743510518223047,-1.0261668936194233,-2.4274679782101884,-2.743386036871622,-2.2930429186671972,-2.593262694698448,B,B,True,True
The metal surfaces for electrical resistance welding must be,(A) rough.,(B) clean.,(C) moistened,(D) coloured,B,B,True,20.0,3,-4.571211814880371,-0.035065002739429474,-5.3755693435668945,-5.694775581359863,-2.1437438366701826,2.7083210341321924,-3.0825264248996973,-3.1015128866614154,-2.4274679782101884,-2.743386036871622,-2.2930429186671972,-2.593262694698448,B,B,True,True
Which system is also known as automatic control system?,(A) Open loop control system,(B) Closed loop control system,(C) Either A or B,(D) Nether A nor B,B,C,False,20.0,3,-4.37116813659668,-1.6318939924240112,-0.2571403980255127,-4.6822662353515625,-1.9437001583864912,1.1114920444476106,2.0359025206416845,-2.0890035406531147,-2.4274679782101884,-2.743386036871622,-2.2930429186671972,-2.593262694698448,C,C,False,False
A single phase full bridge inverter can operated in load commutation mode in case load consist of,(A) RL.,(B) RLC underdamped.,(C) RLC overdamped.,(D) RLC critically damped.,B,B,True,20.0,3,-1.7456591129302979,-1.2453798055648804,-1.4953798055648804,-1.37236487865448,0.6818088652798906,1.4980062313067415,0.7976631131023169,1.2208978160439679,-2.4274679782101884,-2.743386036871622,-2.2930429186671972,-2.593262694698448,B,B,True,True
Snubber circuit is used with SCR,(A) in series.,(B) in parallel.,(C) either series or parallel.,(D) anti parallel.,B,A,False,20.0,3,-0.5449762344360352,-2.168935775756836,-1.545485496520996,-3.041722059249878,1.8824917437741533,0.5744502611147859,0.7475574221462011,-0.4484593645514301,-2.4274679782101884,-2.743386036871622,-2.2930429186671972,-2.593262694698448,A,A,False,False
Which of the following is the analogous quantity for mass element in force-voltage analogy?,(A) Resistance.,(B) Inductance.,(C) Capacitance.,(D) All of the above.,B,B,True,20.0,3,-1.8190571069717407,-0.5692716240882874,-2.701859712600708,-1.8192716836929321,0.6084108712384477,2.1741144127833345,-0.4088167939335108,0.7739910110055157,-2.4274679782101884,-2.743386036871622,-2.2930429186671972,-2.593262694698448,B,B,True,True
In two wattmeter method of power measurement if the total power is measured by one wattmeter only then power factor of the system is,(A) 0.,(B) 0.5.,(C) 1.,(D) none of above.,B,C,False,20.0,3,-1.731045126914978,-2.107699155807495,-0.4826992452144623,-3.4176011085510254,0.6964228512952104,0.6356868810641267,1.810343673452735,-0.8243384138525776,-2.4274679782101884,-2.743386036871622,-2.2930429186671972,-2.593262694698448,C,C,False,False
What is the value of dielectric constant of air?,(A) Less than 1,(B) 0.,(C) 1.,(D) none of these.,C,A,False,20.0,0,-0.9044938087463379,-3.404493808746338,-1.1558579206466675,-1.6548820734024048,1.58484338610045,-0.7268270721348622,1.0556946110640033,0.8310355120726549,-2.489337194846788,-2.6776667366114757,-2.211552531710671,-2.4859175854750597,A,A,False,False
The solid angle subtended by an area of 2400 cm^2 on the surface of a sphere of diameter 1.2 m is,(A) 3 / 2.,(B) 1 / 3.,(C) 2 / 3.,(D) 2 / 5.,C,C,True,20.0,0,-1.928287148475647,-2.2960829734802246,-0.679354727268219,-1.8040257692337036,0.561050046371141,0.3815837631312511,1.5321978044424518,0.6818918162413561,-2.489337194846788,-2.6776667366114757,-2.211552531710671,-2.4859175854750597,C,C,True,True
1 F is theoretically equal to,(A) 1 ohm of resistance,(B) ratio of 1 V to 1 C,(C) ratio of 1 C to 1 V,(D) none of these,C,C,True,20.0,0,-2.6850242614746094,-1.0620120763778687,-0.9330762624740601,-1.9343222379684448,-0.19568706662782143,1.615654660233607,1.2784762692366107,0.5515953475066149,-2.489337194846788,-2.6776667366114757,-2.211552531710671,-2.4859175854750597,C,B,True,False
Which lamp has the best Colour Rendering Index (CRI)?,(A) LED,(B) Fluorescent,(C) Incandescent,(D) High pressure sodium vapour,C,A,False,20.0,0,-0.17986507713794708,-3.560797929763794,-2.5600242614746094,-3.1854472160339355,2.309472117708841,-0.8831311931523183,-0.3484717297639386,-0.6995296305588758,-2.489337194846788,-2.6776667366114757,-2.211552531710671,-2.4859175854750597,A,A,False,False
Which of the following is not a sinusoidal oscillator?,(A) LC oscillator,(B) RC phase shift oscillator,(C) Relaxation oscillator,(D) Crystal oscillator,C,C,True,20.0,0,-3.482699155807495,-3.233863592147827,-0.2330685257911682,-2.10841965675354,-0.9933619609607072,-0.5561968555363515,1.9784840059195026,0.37749792872151966,-2.489337194846788,-2.6776667366114757,-2.211552531710671,-2.4859175854750597,C,C,True,True
The feedback factor of a Wien bridge oscillator using Op-Amp is,(A) 1/3,(B) 1/4,(C) 1/2,(D) 1,C,C,True,20.0,0,-1.9429683685302734,-2.5752761363983154,-0.5688900351524353,-1.6938899755477905,0.5463688263165145,0.10239060021316027,1.6426624965582355,0.7920276099272692,-2.489337194846788,-2.6776667366114757,-2.211552531710671,-2.4859175854750597,C,C,True,True
A three-state buffer has the following output states,"(A) 1, 0, float","(B) High, Low, Float",(C) Both A and B,"(D) Set, Reset, Halt",C,C,True,20.0,0,-2.576859712600708,-2.577075958251953,-0.21021071076393127,-4.528169631958008,-0.08752251775392006,0.10059077835952257,2.0013418209467395,-2.042252046482948,-2.489337194846788,-2.6776667366114757,-2.211552531710671,-2.4859175854750597,C,C,True,True
"If a Hexadecimal number needs to convert to binary. For each hexadecimal digit, there will be how many bits",(A) 1,(B) 2,(C) 4,(D) 8,C,C,True,20.0,0,-3.838003158569336,-3.2145423889160156,-0.09278140962123871,-4.214271545410156,-1.348665963722548,-0.5368756523045399,2.118771122089432,-1.7283539599350966,-2.489337194846788,-2.6776667366114757,-2.211552531710671,-2.4859175854750597,C,C,True,True
An SCR has half cycle surge current rating of 3000 A for 50 Hz supply. One cycle surge current will be,(A) 1500 A.,(B) 6000 A.,(C) 2121.32 A.,(D) 4242.64 A.,C,C,True,20.0,1,-3.0595145225524902,-3.059695243835449,-0.4308892786502838,-1.5539376735687256,-0.6308138816578626,-0.31193048957114433,1.7067361268176078,1.0146158452844247,-2.4287006408946277,-2.747764754264305,-2.1376254054678916,-2.5685535188531503,C,C,True,True
A box which tells the effect of inputs on control sub system is known as,(A) Data Box.,(B) Logical box.,(C) Decision box.,(D) State box.,C,B,False,20.0,1,-1.9850959777832031,-0.742724597454071,-1.3645728826522827,-2.6182847023010254,0.44360466311142455,2.005040156810234,0.7730525228156089,-0.04973118344787508,-2.4287006408946277,-2.747764754264305,-2.1376254054678916,-2.5685535188531503,B,B,False,False
A latch is ________ sensitive,(A) both level and edge,(B) edge,(C) level,(D) None,C,C,True,20.0,1,-1.3729472160339355,-2.3718223571777344,-0.49713724851608276,-4.058899879455566,1.0557534248606921,0.3759423970865705,1.6404881569518088,-1.490346360602416,-2.4287006408946277,-2.747764754264305,-2.1376254054678916,-2.5685535188531503,C,C,True,True
The illumination at a point 5 meters below a lamp in 6 lux. The candle power of the lamp is,(A) 30,(B) 140.,(C) 150.,(D) 200.,C,C,True,20.0,1,-1.8801567554473877,-1.2556102275848389,-1.0064761638641357,-1.9985885620117188,0.54854388544724,1.492154526679466,1.1311492416037559,0.5699649568414316,-2.4287006408946277,-2.747764754264305,-2.1376254054678916,-2.5685535188531503,C,B,True,False
Stack is also known as,(A) FIFO memory,(B) Flash memory,(C) LIFO memory,(D) LILO memory,C,C,True,20.0,1,-4.580019474029541,-5.321211814880371,-0.03717850521206856,-5.5791401863098145,-2.1513188331349133,-2.573447060616066,2.100446900255823,-3.010586667456664,-2.4287006408946277,-2.747764754264305,-2.1376254054678916,-2.5685535188531503,C,C,True,True
The latching current of SCR is 20 mA. Its holding current will be,(A) 23 mA.,(B) 40 mA.,(C) 10 mA.,(D) 60 mA.,C,B,False,20.0,1,-1.6761153936386108,-0.5498223304748535,-2.0447237491607666,-2.669976234436035,0.7525852472560168,2.1979424237894514,0.09290165630712499,-0.10142271558288485,-2.4287006408946277,-2.747764754264305,-2.1376254054678916,-2.5685535188531503,B,B,False,False
Which of the following are the passive elements?,(A) Resistor,(B) Bulb,(C) Both,(D) None of these.,C,C,True,20.0,1,-4.061832904815674,-4.435997486114502,-0.06783689558506012,-4.431929588317871,-1.6331322639210462,-1.688232731850197,2.0697885098828315,-1.8633760694647208,-2.4287006408946277,-2.747764754264305,-2.1376254054678916,-2.5685535188531503,C,C,True,True
A Binary number system has how many digits.,(A) 0,(B) 1,(C) 2,(D) 10,C,C,True,20.0,1,-4.955019474029541,-2.716632127761841,-0.09183391183614731,-5.275503158569336,-2.5263188331349133,0.031132626502464067,2.0457914936317443,-2.7069496397161856,-2.4287006408946277,-2.747764754264305,-2.1376254054678916,-2.5685535188531503,C,C,True,True
The change of cross sectional area of conductor in magnetic field will affect,(A) reluctance of conductor.,(B) resistance of conductor.,(C) (A) and (B) both in the same way.,(D) none of above.,C,A,False,20.0,2,-0.8651506304740906,-3.4798262119293213,-0.9904985427856445,-2.3566136360168457,1.6144422547658905,-0.6456508775396892,1.2408753637185632,0.2534459029945233,-2.479592885239981,-2.834175334389632,-2.2313739065042077,-2.610059539011369,A,A,False,False
Which of the followings is/are active element?,(A) Voltage source,(B) Current source,(C) Both,(D) None of these.,C,C,True,20.0,2,-4.996399879455566,-5.24616813659668,-0.05337148159742355,-4.996399879455566,-2.5168069942155853,-2.4119928022070476,2.178002424906784,-2.3863403404441974,-2.479592885239981,-2.834175334389632,-2.2313739065042077,-2.610059539011369,C,C,True,True
Which of the following is/are the disadvantages of an open loop control system?,(A) Inaccurate.,(B) Unreliable.,(C) both A and B.,(D) none of the above.,C,C,True,20.0,2,-4.216495513916016,-4.904793739318848,-0.0948459580540657,-3.0931036472320557,-1.7369026286760345,-2.0706184049292156,2.136527948450142,-0.48304410822068666,-2.479592885239981,-2.834175334389632,-2.2313739065042077,-2.610059539011369,C,C,True,True
Deflection method direct measurements are most widely used as these are,(A) least time consuming.,(B) most simple.,(C) most simple and least time consuming.,(D) most accurate.,C,C,True,20.0,2,-3.4173262119293213,-3.668330669403076,-0.16424229741096497,-2.7913906574249268,-0.9377333266893402,-0.8341553350134441,2.067131609093243,-0.18133111841355776,-2.479592885239981,-2.834175334389632,-2.2313739065042077,-2.610059539011369,C,C,True,True
Power dissipation in ideal inductor is,(A) Maximum,(B) Minimum,(C) Zero,(D) A finite value,C,C,True,20.0,2,-4.7306904792785645,-4.232940196990967,-0.058735888451337814,-4.555784702301025,-2.2510975940385833,-1.3987648626013347,2.17263801805287,-1.9457251632896564,-2.479592885239981,-2.834175334389632,-2.2313739065042077,-2.610059539011369,C,C,True,True
"The resistance of a conductor of diameter d and length l is R Ω. If the diameter of the conductor is halved and its length is doubled, the resistance will be",(A) R Ω,(B) 2R Ω,(C) 4R Ω,(D) 8R Ω,C,C,True,20.0,2,-4.371617794036865,-4.434322357177734,-0.7374861836433411,-0.7381037473678589,-1.8920249087968841,-1.6001470227881023,1.4938877228608667,1.8719557916435101,-2.479592885239981,-2.834175334389632,-2.2313739065042077,-2.610059539011369,C,D,True,False
Conductor is static and the field is varying then emf will be induced. This principle is called,(A) virtually induced emf.,(B) dynamically induced emf.,(C) static induced emf.,(D) none of these,C,B,False,20.0,2,-1.5303665399551392,-0.4055619239807129,-3.4658563137054443,-3.2098634243011475,0.949226345284842,2.428613410408919,-1.2344824072012366,-0.5998038852897785,-2.479592885239981,-2.834175334389632,-2.2313739065042077,-2.610059539011369,B,B,False,False
In a dc machine 6 pole wave winding is used. The number of parallel paths are?,(A) 6,(B) 4,(C) 2,(D) 1,C,C,True,20.0,2,-1.7378803491592407,-1.240787148475647,-0.865787148475647,-2.357353925704956,0.7417125360807404,1.5933881859139851,1.3655867580285608,0.25270561330641295,-2.479592885239981,-2.834175334389632,-2.2313739065042077,-2.610059539011369,C,B,True,False
Magnetic flux has the unit of,(A) Newton,(B) Ampere turn,(C) Weber,(D) Tesla,C,C,True,20.0,3,-4.920440196990967,-3.657749652862549,-0.05691629648208618,-4.865243911743164,-2.4929722187807783,-0.914363615990927,2.236126622185111,-2.2719812170447162,-2.4274679782101884,-2.743386036871622,-2.2930429186671972,-2.593262694698448,C,C,True,True
"In electronic communications, ""AM"" stands for",(A) Amp Modification,(B) Amplitude Method,(C) Amplitude Modulation,(D) Ampere Method,C,C,True,20.0,3,-5.522899627685547,-5.588003158569336,-0.020540574565529823,-5.955845832824707,-3.0954316494753584,-2.844617121697714,2.2725023441016674,-3.362583138126259,-2.4274679782101884,-2.743386036871622,-2.2930429186671972,-2.593262694698448,C,C,True,True
A null type instrument as compared to a deflected type instrument has,(A) a lower sensitivity.,(B) a faster response.,(C) a higher accuracy.,(D) all of the above.,C,D,False,20.0,3,-2.1384055614471436,-1.147905707359314,-2.2646992206573486,-0.8934102654457092,0.2890624167630449,1.595480329512308,0.028343698009848595,1.6998524292527386,-2.4274679782101884,-2.743386036871622,-2.2930429186671972,-2.593262694698448,D,D,False,False
"The length of bus cycle in 8086/8088 is four clock cycles, T1, T2, T3, T4 and an indeterminate number of wait state clock cycles denoted by Tw. The wait states are always inserted between",(A) T1 & T2,(B) T2 & T3,(C) T3 & T4,(D) T4 & T1,C,C,True,20.0,3,-2.358292579650879,-1.7319376468658447,-0.7332926988601685,-1.4838945865631104,0.06917539855930954,1.0114483900057771,1.5597502198070288,1.1093681081353375,-2.4274679782101884,-2.743386036871622,-2.2930429186671972,-2.593262694698448,C,C,True,True
"If all the elements in a particular network are linear, then the superposition theorem would hold, when the excitation is",(A) DC only,(B) AC only,(C) Either AC or DC,(D) An Impulse,C,C,True,20.0,3,-3.6213998794555664,-3.7470145225524902,-0.1304771453142166,-3.1220145225524902,-1.193931901245378,-1.0036284856808684,2.1625657733529806,-0.5287518278540424,-2.4274679782101884,-2.743386036871622,-2.2930429186671972,-2.593262694698448,C,C,True,True
"In Ward-Leonard system, the lower limit of the speed imposed by",(A) Field resistance.,(B) Armature resistance.,(C) Residual magnetism of the generator.,(D) None of above.,C,C,True,20.0,3,-1.4562079906463623,-2.716195821762085,-0.46201232075691223,-3.2154715061187744,0.9712599875638261,0.027190215109536897,1.831030597910285,-0.6222088114203266,-2.4274679782101884,-2.743386036871622,-2.2930429186671972,-2.593262694698448,C,C,True,True
In 8085 name/names of the 16 bit registers is/are,(A) stack pointer.,(B) program counter.,(C) both A and B.,(D) none of these.,C,C,True,20.0,3,-4.116385459899902,-4.429405212402344,-0.07482244819402695,-3.8786849975585938,-1.688917481689714,-1.686019175530722,2.2182204704731703,-1.285422302860146,-2.4274679782101884,-2.743386036871622,-2.2930429186671972,-2.593262694698448,C,C,True,True
Both the ALU and control section of CPU employ which special purpose storage location?,(A) Buffers,(B) Decoders,(C) Accumulators,(D) Registers,C,D,False,20.0,3,-4.962240695953369,-5.898877143859863,-1.82659912109375,-0.20461152493953705,-2.5347727177431807,-3.1554911069882414,0.4664437975734472,2.388651169758911,-2.4274679782101884,-2.743386036871622,-2.2930429186671972,-2.593262694698448,D,D,False,False
A diode (p-n junction) when reverse biased act as,(A) On Switch,(B) Zener diode,(C) Capacitor,(D) Off Switch,D,D,True,20.0,0,-3.7447662353515625,-4.803885459899902,-1.5690571069717407,-0.31759923696517944,-1.2554290405047746,-2.1262187232884266,0.6424954247389301,2.1683183485098803,-2.489337194846788,-2.6776667366114757,-2.211552531710671,-2.4859175854750597,D,D,True,True
The following are the necessary requirements of an oscillator,(A) Amplitude stability,(B) Frequency stability,(C) Power stability,(D) Both A and B,D,D,True,20.0,0,-4.622673988342285,-5.058159351348877,-4.435571193695068,-0.0474383607506752,-2.133336793495497,-2.3804926147374013,-2.2240186619843976,2.4384792247243845,-2.489337194846788,-2.6776667366114757,-2.211552531710671,-2.4859175854750597,D,D,True,True
Speed of data transmission in 4-G network of telecom is,(A) 386 kbps - 2 mbps.,(B) 2 mbps.,(C) 2 mbps – 1 gbps.,(D) 100 mbps - 1 gbps.,D,C,False,20.0,0,-3.6771180629730225,-3.429893970489502,-0.4399893879890442,-1.3191331624984741,-1.1877808681262345,-0.7522272338780263,1.7715631437216266,1.1667844229765856,-2.489337194846788,-2.6776667366114757,-2.211552531710671,-2.4859175854750597,C,C,False,False
A microprocessor is ALU,(A) and control unit on a single chip.,(B) and memory on a single chip.,(C) register unit and I/O device on a single chip.,(D) register unit and control unit on a single chip.,D,A,False,20.0,0,-0.07089128345251083,-4.735836505889893,-4.427743911743164,-3.823432207107544,2.418445911394277,-2.058169769278417,-2.2161913800324933,-1.3375146216324842,-2.489337194846788,-2.6776667366114757,-2.211552531710671,-2.4859175854750597,A,A,False,False
"In force-current analogy, electrical analogous quantity for displacement (x) is",(A) voltage.,(B) inductance.,(C) capacitance.,(D) flux.,D,A,False,20.0,0,-0.9011768102645874,-2.1520423889160156,-1.1551845073699951,-2.1533563137054443,1.5881603845822005,0.5256243476954601,1.0563680243406757,0.33256127176961536,-2.489337194846788,-2.6776667366114757,-2.211552531710671,-2.4859175854750597,A,A,False,False
Advantages of higher transmission voltage is/are,(A) Power transfer capability of the transmission line is increased,(B) Transmission line losses are reduced,(C) Area of cross section and volume of the conductor is reduced,(D) all of the above,D,D,True,20.0,0,-5.0876336097717285,-6.210903167724609,-5.090035915374756,-0.045418497174978256,-2.5982964149249406,-3.5332364311131337,-2.878483383664085,2.4404990883000814,-2.489337194846788,-2.6776667366114757,-2.211552531710671,-2.4859175854750597,D,D,True,True
Which of the following are the disadvantages of a closed loop control system?,(A) Reduces the overall gain.,(B) Complex and costly.,(C) Oscillatory response.,(D) All of the above.,D,D,True,20.0,0,-3.9366955757141113,-4.249373435974121,-4.311695575714111,-0.06612709909677505,-1.4473583808673234,-1.5717066993626454,-2.1001430440034405,2.4197904863782846,-2.489337194846788,-2.6776667366114757,-2.211552531710671,-2.4859175854750597,D,D,True,True
Which oscillators are easy to fabricate in a monolithic IC?,(A) Crystal oscillator.,(B) Hartley oscillator.,(C) Wien bridge oscillator.,(D) Relaxation oscillator.,D,D,True,20.0,0,-2.856780767440796,-2.919976234436035,-2.857353925704956,-0.23176655173301697,-0.36744357259400795,-0.24230949782455946,-0.6458013939942853,2.2541510337420427,-2.489337194846788,-2.6776667366114757,-2.211552531710671,-2.4859175854750597,D,D,True,True
Systematic errors are,(A) environmental errors.,(B) observational errors.,(C) instrument errors.,(D) all of the above.,D,D,True,20.0,1,-3.903169870376587,-4.590856075286865,-3.467100143432617,-0.09704656153917313,-1.4744692294819592,-1.8430913210225603,-1.3294747379647256,2.471506957313977,-2.4287006408946277,-2.747764754264305,-2.1376254054678916,-2.5685535188531503,D,D,True,True
"By using which of the following elements, mechanical translational systems are obtained?",(A) mass element,(B) spring element,(C) dash-pot,(D) all of the above,D,D,True,20.0,1,-3.278169870376587,-4.403995513916016,-2.7800426483154297,-0.1578102856874466,-0.8494692294819592,-1.6562307596517107,-0.6424172428475381,2.4107432331657037,-2.4287006408946277,-2.747764754264305,-2.1376254054678916,-2.5685535188531503,D,D,True,True
Colpitts oscillator is also called as,(A) Tank circuit oscillator,(B) LC oscillator,(C) Resonant circuit oscillator,(D) All of the above,D,D,True,20.0,1,-3.1200826168060303,-4.246617794036865,-3.373188018798828,-0.1311211735010147,-0.6913819759114026,-1.4988530397725603,-1.2355626133309365,2.4374323453521356,-2.4287006408946277,-2.747764754264305,-2.1376254054678916,-2.5685535188531503,D,D,True,True
Purely mechanical instrument cannot be used for dynamic measurements because they have,(A) high inertia.,(B) higher response time.,(C) large time constant.,(D) all of the above.,D,D,True,20.0,1,-3.154600143432617,-4.529260158538818,-3.2802491188049316,-0.16055957973003387,-0.7258995025379895,-1.7814954042745135,-1.14262371333704,2.4079939391231164,-2.4287006408946277,-2.747764754264305,-2.1376254054678916,-2.5685535188531503,D,D,True,True
Materials used in heat sink should have,(A) high thermal conductivity.,(B) large surface area.,(C) high melting point.,(D) All of these.,D,D,True,20.0,1,-4.122673988342285,-5.932582378387451,-5.371822357177734,-0.04939017444849014,-1.6939733474476575,-3.1848176241231463,-3.234196951709843,2.51916334440466,-2.4287006408946277,-2.747764754264305,-2.1376254054678916,-2.5685535188531503,D,D,True,True
"The voltage induced in an inductor is represented as,",(A) product of its inductance and current through it.,(B) ratio of its inductance to current through it.,(C) ratio of current through it to its inductance.,(D) product of its inductance and rate of change of current through it.,D,D,True,20.0,1,-4.05074405670166,-5.4818501472473145,-4.5565714836120605,-0.05642284080386162,-1.6220434158070325,-2.7340853929830096,-2.418946078144169,2.5121306780492887,-2.4287006408946277,-2.747764754264305,-2.1376254054678916,-2.5685535188531503,D,D,True,True
How many bits are required to store one BCD digit ?,(A) 1,(B) 2,(C) 3,(D) 4,D,D,True,20.0,1,-4.6190714836120605,-4.741905212402344,-3.448715925216675,-0.0704830214381218,-2.190370842717433,-1.9941404581380389,-1.3110905197487832,2.4980704974150285,-2.4287006408946277,-2.747764754264305,-2.1376254054678916,-2.5685535188531503,D,D,True,True
"Five capacitors each of 5 µF are connected in series, the equivalent capacitance of the system will be",(A) 5 µF,(B) 25 µF,(C) 10 µF,(D) 1 µF,D,D,True,20.0,1,-1.639988660812378,-4.9626336097717285,-4.1527605056762695,-0.2671913802623749,0.7887119800822497,-2.2148688555074236,-2.015135100208378,2.3013621385907754,-2.4287006408946277,-2.747764754264305,-2.1376254054678916,-2.5685535188531503,D,D,True,True
Which of the following is a digital device,(A) Regulator of a fan,(B) Microphone,(C) Resistance of a material,(D) Light switch,D,B,False,20.0,2,-2.338350534439087,-0.5890170335769653,-2.8395423889160156,-1.3338360786437988,0.1412423508008942,2.2451583008126668,-0.6081684824118079,1.2762234603675702,-2.479592885239981,-2.834175334389632,-2.2313739065042077,-2.610059539011369,B,B,False,False
Two infinite parallel metal plates are charged with equal surface charge density of the same polarity. The electric field in the gap between the plates is,(A) same as that produced by one plate.,(B) double the field produced by one plate.,(C) dependent on coordinates of field points.,(D) zero.,D,A,False,20.0,2,-0.09784294664859772,-3.0889835357666016,-4.210903167724609,-5.080019474029541,2.3817499385913834,-0.25480820137696947,-1.9795292612204016,-2.469959935018172,-2.479592885239981,-2.834175334389632,-2.2313739065042077,-2.610059539011369,A,A,False,False
"Poles and zeros are arranged alternatively on negative real axis, then type of network is/are",(A) LC network.,(B) RC network.,(C) RL network.,(D) Both 2 and 3.,D,D,True,20.0,2,-2.341195821762085,-2.217684507369995,-1.8428665399551392,-0.7141140699386597,0.13839706347789615,0.616490827019637,0.3885073665490686,1.8959454690727093,-2.479592885239981,-2.834175334389632,-2.2313739065042077,-2.610059539011369,D,D,True,True
Voltage controlled oscillators are used commonly in,(A) Pulse Modulators Frequency Modulators Phase Clocked loops,(B) Frequency Modulators,(C) Phase Clocked loops,(D) All the above,D,D,True,20.0,2,-3.0601742267608643,-3.373674154281616,-3.1860885620117188,-0.19069351255893707,-0.5805813415208831,-0.5394988198919841,-0.954714655507511,2.419366026452432,-2.479592885239981,-2.834175334389632,-2.2313739065042077,-2.610059539011369,D,D,True,True
The Barkhausen criterion for an oscillator,(A) Loop gain should be unity,(B) Loop gain should be less than unity,(C) The phase of a feedback signal with respect to input should be 0° or 360°,(D) Both A and C,D,D,True,20.0,2,-4.55951452255249,-5.3690714836120605,-4.121617794036865,-0.05636824667453766,-2.079921637312509,-2.5348961492224285,-1.8902438875326575,2.5536912923368313,-2.479592885239981,-2.834175334389632,-2.2313739065042077,-2.610059539011369,D,D,True,True
Potentiometer method of DC voltage measurement is more accurate than direct measurement using a voltmeter because,(A) It loads the circuit moderately.,(B) It loads the circuit to maximum extent.,(C) It uses centre zero galvanometer instead of voltmeter.,(D) It does not load the circuit at all.,D,D,True,20.0,2,-3.850348949432373,-4.551452159881592,-2.28938627243042,-0.1774412840604782,-1.370756064192392,-1.7172768254919597,-0.05801236592621217,2.432618254950891,-2.479592885239981,-2.834175334389632,-2.2313739065042077,-2.610059539011369,D,D,True,True
A D-flip-flop is said to be transparent when,(A) the output is LOW,(B) the output is HIGH,(C) the output follows clock,(D) the output follow input,D,D,True,20.0,2,-2.947467088699341,-4.150503158569336,-2.823715925216675,-0.20561596751213074,-0.4678742034593597,-1.3163278241797038,-0.592342018712467,2.4044435714992383,-2.479592885239981,-2.834175334389632,-2.2313739065042077,-2.610059539011369,D,D,True,True
Silicon and Germanium are ________ elements.,(A) trivalant,(B) pentavalant,(C) hexavalant,(D) tetravalant,D,D,True,20.0,2,-2.123297929763794,-1.8666034936904907,-4.80787992477417,-0.3685177266597748,0.35629495547618717,0.9675718406991414,-2.576506018269962,2.241541812351594,-2.479592885239981,-2.834175334389632,-2.2313739065042077,-2.610059539011369,D,D,True,True
Which of the following methods is/are used for reactive or voltage compensation,(A) shunt capacitor,(B) series capacitor,(C) generation excitation control,(D) all of the above,D,D,True,20.0,3,-2.777296781539917,-4.901483535766602,-3.591031312942505,-0.15278592705726624,-0.34982880332972854,-2.1580974988949797,-1.2979883942753077,2.4404767676411816,-2.4274679782101884,-2.743386036871622,-2.2930429186671972,-2.593262694698448,D,D,True,True
If holding current of a thyristor is 2 mA then latching current should be,(A) 0.01 A.,(B) 0.002 A.,(C) 0.009 A.,(D) 0.004 A.,D,B,False,20.0,3,-2.824897289276123,-1.083240032196045,-1.459944248199463,-1.0851140022277832,-0.3974293110659346,1.660146004675577,0.8330986704677343,1.5081486924706646,-2.4274679782101884,-2.743386036871622,-2.2930429186671972,-2.593262694698448,B,B,False,False
Relaxation Voltage controlled oscillators are used to generate,(A) Sinusoidal wave,(B) Triangular wave,(C) Sawtooth wave,(D) Both B and C,D,D,True,20.0,3,-2.7173819541931152,-3.2172937393188477,-2.717684507369995,-0.22598759829998016,-0.2899139759829268,-0.4739077024472258,-0.4246415887027979,2.3672750963984677,-2.4274679782101884,-2.743386036871622,-2.2930429186671972,-2.593262694698448,D,D,True,True
Feedback circuit in an oscillator can be accomplished by,(A) Resistive coupling between input and output,(B) Capacitive coupling between input and output,(C) Inductive coupling between input and output,(D) Any one or combinations of the above methods,D,D,True,20.0,3,-4.211822032928467,-4.8376336097717285,-4.339271545410156,-0.08919987082481384,-1.7843540547182783,-2.0942475729001067,-2.046228626742959,2.504062823873634,-2.4274679782101884,-2.743386036871622,-2.2930429186671972,-2.593262694698448,D,D,True,True
Commutator in DC generator is used for,(A) collecting of current,(B) reduce losses,(C) increase efficiency,(D) convert AC armature current in to DC,D,D,True,20.0,3,-1.980101227760315,-4.802118301391602,-4.367853164672852,-0.23640470206737518,0.4473667504498735,-2.0587322645199797,-2.0748102460056543,2.3568579926310727,-2.4274679782101884,-2.743386036871622,-2.2930429186671972,-2.593262694698448,D,D,True,True
The supply frequency usually employed for high frequency eddy current heating is,(A) 1 KHz.,(B) 5 KHz.,(C) 10 MHz.,(D) 10 KHz to 400 KHz.,D,D,True,20.0,3,-5.242853164672852,-5.552743911743164,-4.059322357177734,-0.07003884762525558,-2.815385186462663,-2.809357874871542,-1.7662794385105371,2.5232238470731922,-2.4274679782101884,-2.743386036871622,-2.2930429186671972,-2.593262694698448,D,D,True,True
What is the name of the fluorescent material that gives red colour fluorescence?,(A) Zinc silicate.,(B) Calcium silicate.,(C) Zinc sulphide.,(D) Magnesium silicate.,D,A,False,20.0,3,-0.7225783467292786,-2.606435775756836,-0.9754193425178528,-2.9801011085510254,1.7048896314809099,0.13695026111478592,1.3176235761493444,-0.38683841385257756,-2.4274679782101884,-2.743386036871622,-2.2930429186671972,-2.593262694698448,A,A,False,False
"Lowest critical frequency is due to zero and it may be present at the origin or nearer to the origin, then the type of network is",(A) LC circuit.,(B) RC circuit.,(C) RLC circuit.,(D) RL Circuit.,D,B,False,20.0,3,-1.4642715454101562,-0.8404715061187744,-1.5908561944961548,-2.965035915374756,0.9631964328000322,1.9029145307528474,0.7021867241710424,-0.371773220676308,-2.4274679782101884,-2.743386036871622,-2.2930429186671972,-2.593262694698448,B,B,False,False
Low frequency supply is necessary for direct core type induction furnaces because,(A) With normal frequeny supply the electromagnetic forces causes severe stirring action in the molten metal.,(B) Magnetic coupling between the primary and secondary circuit is poor.,(C) Both A and B.,(D) None of the above.,C,C,True,20.0,4,-2.653531312942505,-3.5270423889160156,-0.14894303679466248,-4.836377143859863,-0.1972566381446086,-0.776294173381757,2.0694556537928293,-2.2719288093503565,-2.4562746747978963,-2.7507482155342586,-2.2183986905874917,-2.564448334509507,C,C,True,True
One of the following is the primary function of an oscillator,(A) produces sinusoidal oscillations,(B) generates non sinusoidal waveforms,(C) generates sustained oscillations at a constant amplitude and specific frequency,(D) none of the above,C,C,True,20.0,4,-2.729222059249878,-5.338350296020508,-0.10436636954545975,-4.713350296020508,-0.27294738445198163,-2.587602080486249,2.114032321042032,-2.148901961511001,-2.4562746747978963,-2.7507482155342586,-2.2183986905874917,-2.564448334509507,C,C,True,True
Stability of a transmission line can be increased by,(A) shunt capacitor,(B) series capacitor,(C) shunt reactor,(D) both A and B,D,D,True,20.0,4,-2.576284646987915,-2.076284646987915,-3.3266913890838623,-0.3218027353286743,-0.12000997219001874,0.6744635685463436,-1.1082926984963706,2.2426455991808325,-2.4562746747978963,-2.7507482155342586,-2.2183986905874917,-2.564448334509507,D,D,True,True
The resistance in the circuit of the moving coil of a dynamometer wattmeter should be,(A) Low.,(B) Very low.,(C) High.,(D) Almost zero.,C,D,False,20.0,4,-2.0925426483154297,-1.216760277748108,-2.0928096771240234,-0.8394990563392639,0.3637320264824666,1.5339879377861507,0.1255890134634683,1.724949278170243,-2.4562746747978963,-2.7507482155342586,-2.2183986905874917,-2.564448334509507,D,D,False,False
The number of rings in the Bohr model of any element is determined by what?,(A) Column number on periodic table.,(B) Atomic mass.,(C) Row number on periodic table.,(D) Atomic number.,C,D,False,20.0,4,-2.666722059249878,-4.714271545410156,-1.4131721258163452,-0.41575995087623596,-0.21044738445198163,-1.9635233298758976,0.8052265647711465,2.148688383633271,-2.4562746747978963,-2.7507482155342586,-2.2183986905874917,-2.564448334509507,D,D,False,False
"What will be the number of lamps, each having 300 lumens, required to obtain an average illuminance of 50 lux on a 4m * 3m rectangular room?",(A) 2,(B) 4,(C) 5,(D) 6,A,B,False,20.0,4,-2.311873435974121,-1.19455087184906,-1.319449543952942,-1.3195017576217651,0.1444012388237752,1.5561973436851986,0.8989491466345498,1.2449465768877417,-2.4562746747978963,-2.7507482155342586,-2.2183986905874917,-2.564448334509507,B,B,False,False
In electrical resistance welding material of electrode should have,(A) higher electrical conductivities.,(B) higher thermal conductivities.,(C) sufficient strength to sustain high pressure at elevated temperatures.,(D) all of above.,D,D,True,20.0,4,-3.761215925216675,-5.461822032928467,-4.215856075286865,-0.08327651023864746,-1.3049412504187785,-2.711073817394208,-1.9974573846993735,2.4811718242708594,-2.4562746747978963,-2.7507482155342586,-2.2183986905874917,-2.564448334509507,D,D,True,True
How many entries will be in the truth table of a 3 input NAND gate ?,(A) 3,(B) 6,(C) 8,(D) 9,C,C,True,20.0,4,-4.431190013885498,-4.4322662353515625,-0.19600780308246613,-1.9447191953659058,-1.9749153390876018,-1.6815180198173039,2.0223908875050256,0.6197291391436011,-2.4562746747978963,-2.7507482155342586,-2.2183986905874917,-2.564448334509507,C,C,True,True
"In Digital Logic Designs, GAL is abbreviated as",(A) General Advance Logic,(B) General Array Logic,(C) Generic Advance Logic,(D) Generic Array Logic,D,D,True,20.0,4,-4.055784702301025,-3.293935775756836,-3.8572237491607666,-0.11335604637861252,-1.599510027503129,-0.5431875602225773,-1.6388250585732749,2.4510922881308943,-2.4562746747978963,-2.7507482155342586,-2.2183986905874917,-2.564448334509507,D,D,True,True
Electrical analogous quantity for spring element (K) in force-voltage analogy is,(A) L,(B) R,(C) 1/C,(D) C,C,D,False,20.0,4,-1.076396107673645,-3.5708658695220947,-3.320399522781372,-0.5813511610031128,1.3798785671242513,-0.8201176539878361,-1.1020008321938803,1.983097173506394,-2.4562746747978963,-2.7507482155342586,-2.2183986905874917,-2.564448334509507,D,D,False,False
The concept of V/f control of inverters driving induction motors resuls in,(A) constant torque operation,(B) speed reversal,(C) reduced magnetic loss,(D) hormonic elimination,A,A,True,20.0,4,-0.12901192903518677,-4.48824405670166,-3.2428531646728516,-3.5572662353515625,2.3272627457627095,-1.7374958411674015,-1.0244544740853598,-0.9928179008420557,-2.4562746747978963,-2.7507482155342586,-2.2183986905874917,-2.564448334509507,A,A,True,True
A quartz crystal oscillator consists of,(A) only series resonant frequency.,(B) only parallel resonant frequency.,(C) both series and parallel frequencies.,(D) neither series nor parallel frequency.,C,C,True,20.0,4,-3.2142715454101562,-4.399322032928467,-0.10000083595514297,-4.4541401863098145,-0.75799687061226,-1.6485738173942082,2.1183978546323488,-1.8896918518003076,-2.4562746747978963,-2.7507482155342586,-2.2183986905874917,-2.564448334509507,C,C,True,True
The resistivity of the conductor depends on,(A) area of the conductor.,(B) length of the conductor.,(C) type of material.,(D) none of these.,C,C,True,20.0,4,-4.646792888641357,-4.523403167724609,-0.07944706082344055,-4.508711814880371,-2.190518213843461,-1.7726549521903507,2.138951629764051,-1.9442634803708643,-2.4562746747978963,-2.7507482155342586,-2.2183986905874917,-2.564448334509507,C,C,True,True
"To obtain a high value of capacitance, the permittivity of dielectric medium should be",(A) low,(B) zero,(C) high,(D) unity,C,C,True,20.0,4,-4.298336505889893,-5.488952159881592,-0.05291350558400154,-4.994429588317871,-1.8420618310919963,-2.738203944347333,2.16548518500349,-2.4299812538083643,-2.4562746747978963,-2.7507482155342586,-2.2183986905874917,-2.564448334509507,C,C,True,True
"In an intel 8085A, which is the first machine cycle of an instruction?",(A) An op-code fetch cycle,(B) A memory read cycle,(C) A memory write cycle,(D) An I/O read cycle,A,A,True,20.0,4,-0.08842766284942627,-3.458685874938965,-3.587240695953369,-4.702210903167725,2.36784701194847,-0.7079376594047062,-1.3688420053658774,-2.137762568658218,-2.4562746747978963,-2.7507482155342586,-2.2183986905874917,-2.564448334509507,A,A,True,True
"Length of the cable is doubled, its capacitance C will be",(A) one-fourth.,(B) one-half.,(C) doubled.,(D) unchanged.,C,A,False,20.0,4,-1.2164956331253052,-1.465669870376587,-1.2176157236099243,-2.091031312942505,1.2397790416725911,1.2850783451576717,1.0007829669775674,0.47341702156700194,-2.4562746747978963,-2.7507482155342586,-2.2183986905874917,-2.564448334509507,A,B,False,False
"Lowest critical frequency is due to pole and it may be present at the origin or nearer to the origin, then the type of network is",(A) LC.,(B) RL.,(C) RC.,(D) Any of the above.,C,D,False,20.0,4,-1.5752760171890259,-2.3263959884643555,-1.7018598318099976,-0.8228772282600403,0.8809986576088704,0.42435222706990317,0.5165388587774942,1.7415711062494665,-2.4562746747978963,-2.7507482155342586,-2.2183986905874917,-2.564448334509507,D,D,False,False
